1.000000e+00 1.315073e+00
1.033333e+00 1.328951e+00
1.066667e+00 1.384943e+00
1.100000e+00 1.280117e+00
1.133333e+00 1.385352e+00
1.166667e+00 1.372855e+00
1.200000e+00 1.408009e+00
1.233333e+00 1.329336e+00
1.266667e+00 1.402557e+00
1.300000e+00 1.375994e+00
1.333333e+00 1.363125e+00
1.366667e+00 1.350029e+00
1.400000e+00 1.377335e+00
1.433333e+00 1.390592e+00
1.466667e+00 1.351344e+00
1.500000e+00 1.208202e+00
1.533333e+00 1.083720e+00
1.566667e+00 1.146299e+00
1.600000e+00 9.952520e-01
1.633333e+00 9.526287e-01
1.666667e+00 9.495612e-01
1.700000e+00 9.795533e-01
1.733333e+00 8.766555e-01
1.766667e+00 8.505598e-01
1.800000e+00 7.498737e-01
1.833333e+00 6.860205e-01
1.866667e+00 6.481580e-01
1.900000e+00 6.717607e-01
1.933333e+00 7.357891e-01
1.966667e+00 8.986460e-01
2.000000e+00 9.202638e-01
2.033333e+00 8.462623e-01
2.066667e+00 8.949493e-01
2.100000e+00 9.579146e-01
2.133333e+00 1.120933e+00
2.166667e+00 1.154139e+00
2.200000e+00 1.232962e+00
2.233333e+00 1.284847e+00
2.266667e+00 1.258884e+00
2.300000e+00 1.228564e+00
2.333333e+00 1.305888e+00
2.366667e+00 1.188882e+00
2.400000e+00 1.194963e+00
2.433333e+00 1.241017e+00
2.466667e+00 1.217406e+00
2.500000e+00 1.085963e+00
2.533333e+00 1.049164e+00
2.566667e+00 1.025738e+00
2.600000e+00 1.038438e+00
2.633333e+00 1.110433e+00
2.666667e+00 1.139544e+00
2.700000e+00 1.186826e+00
2.733333e+00 1.157098e+00
2.766667e+00 1.204137e+00
2.800000e+00 1.231023e+00
2.833333e+00 1.315410e+00
2.866667e+00 1.129911e+00
2.900000e+00 9.412784e-01
2.933333e+00 9.998391e-01
2.966667e+00 9.620416e-01
3.000000e+00 1.050684e+00
3.033333e+00 1.047496e+00
3.066667e+00 9.456128e-01
3.100000e+00 8.294360e-01
3.133333e+00 7.690526e-01
3.166667e+00 8.480683e-01
3.200000e+00 9.108962e-01
3.233333e+00 9.898505e-01
3.266667e+00 1.080294e+00
3.300000e+00 1.102980e+00
3.333333e+00 1.092730e+00
3.366667e+00 1.104963e+00
3.400000e+00 9.812462e-01
3.433333e+00 8.483503e-01
3.466667e+00 8.792194e-01
3.500000e+00 9.090404e-01
3.533333e+00 1.050375e+00
3.566667e+00 9.842475e-01
3.600000e+00 1.041496e+00
3.633333e+00 1.041727e+00
3.666667e+00 1.122753e+00
3.700000e+00 1.134319e+00
3.733333e+00 1.184135e+00
3.766667e+00 1.167999e+00
3.800000e+00 1.060046e+00
3.833333e+00 1.033146e+00
3.866667e+00 1.006440e+00
3.900000e+00 1.057795e+00
3.933333e+00 1.167971e+00
3.966667e+00 1.157495e+00
4.000000e+00 1.179432e+00
4.033333e+00 1.160341e+00
4.066667e+00 1.228130e+00
4.100000e+00 1.135779e+00
4.133333e+00 1.239497e+00
4.166667e+00 1.325246e+00
4.200000e+00 1.345936e+00
4.233333e+00 1.389821e+00
4.266667e+00 1.339876e+00
4.300000e+00 1.341946e+00
4.333333e+00 1.296263e+00
4.366667e+00 1.295974e+00
4.400000e+00 1.340016e+00
4.433333e+00 1.293628e+00
4.466667e+00 1.250838e+00
4.500000e+00 1.209970e+00
4.533333e+00 1.170336e+00
4.566667e+00 1.078062e+00
4.600000e+00 1.062857e+00
4.633333e+00 9.686911e-01
4.666667e+00 1.034608e+00
4.700000e+00 1.106217e+00
4.733333e+00 1.088680e+00
4.766667e+00 1.110545e+00
4.800000e+00 1.120806e+00
4.833333e+00 1.066980e+00
4.866667e+00 8.683846e-01
4.900000e+00 8.735136e-01
4.933333e+00 8.616967e-01
4.966667e+00 7.812089e-01
5.000000e+00 8.193413e-01
5.033333e+00 9.236582e-01
5.066667e+00 3.936846e+00
5.100000e+00 3.965976e+00
5.133333e+00 3.748368e+00
5.166667e+00 3.503780e+00
5.200000e+00 3.497649e+00
5.233333e+00 3.522908e+00
5.266667e+00 3.578903e+00
5.300000e+00 3.584164e+00
5.333333e+00 7.501756e-01
5.366667e+00 6.488370e-01
5.400000e+00 7.821633e-01
5.433333e+00 7.814682e-01
5.466667e+00 7.417126e-01
5.500000e+00 6.994034e-01
5.533333e+00 6.263949e-01
5.566667e+00 6.445775e-01
5.600000e+00 6.803521e-01
5.633333e+00 7.358520e-01
5.666667e+00 7.752980e-01
5.700000e+00 7.658415e-01
5.733333e+00 7.432300e-01
5.766667e+00 7.648040e-01
5.800000e+00 8.009408e-01
5.833333e+00 8.204336e-01
5.866667e+00 7.750719e-01
5.900000e+00 8.207075e-01
5.933333e+00 8.106212e-01
5.966667e+00 8.258302e-01
6.000000e+00 8.317366e-01
6.033333e+00 8.356048e-01
6.066667e+00 8.682662e-01
6.100000e+00 8.786311e-01
6.133333e+00 9.417946e-01
6.166667e+00 8.549337e-01
6.200000e+00 8.017103e-01
6.233333e+00 7.995599e-01
6.266667e+00 8.451590e-01
6.300000e+00 7.336477e-01
6.333333e+00 6.289644e-01
6.366667e+00 6.264352e-01
6.400000e+00 5.958472e-01
6.433333e+00 4.380856e-01
6.466667e+00 4.943575e-01
6.500000e+00 4.288360e-01
6.533333e+00 4.322727e-01
6.566667e+00 5.146119e-01
6.600000e+00 4.923933e-01
6.633333e+00 4.554446e-01
6.666667e+00 5.560347e-01
6.700000e+00 5.866094e-01
6.733333e+00 4.955847e-01
6.766667e+00 4.266187e-01
6.800000e+00 4.869336e-01
6.833333e+00 5.582476e-01
6.866667e+00 6.254074e-01
6.900000e+00 5.505073e-01
6.933333e+00 5.304515e-01
6.966667e+00 5.477450e-01
7.000000e+00 5.879195e-01
7.033333e+00 5.794342e-01
7.066667e+00 6.212616e-01
7.100000e+00 6.274066e-01
7.133333e+00 6.727021e-01
7.166667e+00 6.053687e-01
7.200000e+00 6.943598e-01
7.233333e+00 7.915685e-01
7.266667e+00 8.261925e-01
7.300000e+00 8.849753e-01
7.333333e+00 8.621069e-01
7.366667e+00 8.634146e-01
7.400000e+00 8.996602e-01
7.433333e+00 9.115529e-01
7.466667e+00 1.034456e+00
7.500000e+00 1.040585e+00
7.533333e+00 9.783142e-01
7.566667e+00 8.532832e-01
7.600000e+00 8.572255e-01
7.633333e+00 9.679989e-01
7.666667e+00 8.988958e-01
7.700000e+00 9.515994e-01
7.733333e+00 9.804024e-01
7.766667e+00 1.059362e+00
7.800000e+00 1.008621e+00
7.833333e+00 9.714374e-01
7.866667e+00 9.931461e-01
7.900000e+00 9.894874e-01
7.933333e+00 1.017576e+00
7.966667e+00 1.163308e+00
8.000000e+00 1.215027e+00
8.033333e+00 1.235336e+00
8.066667e+00 1.254206e+00
8.100000e+00 1.234871e+00
8.133333e+00 1.197554e+00
8.166667e+00 1.087833e+00
8.200000e+00 1.078574e+00
8.233333e+00 1.126582e+00
8.266667e+00 1.166613e+00
8.300000e+00 1.146888e+00
8.333333e+00 1.154474e+00
8.366667e+00 1.181211e+00
8.400000e+00 1.208608e+00
8.433333e+00 1.118740e+00
8.466667e+00 1.150508e+00
8.500000e+00 1.207994e+00
8.533333e+00 1.125110e+00
8.566667e+00 1.137284e+00
8.600000e+00 1.162328e+00
8.633333e+00 1.126549e+00
8.666667e+00 1.170662e+00
8.700000e+00 1.136055e+00
8.733333e+00 1.099709e+00
8.766667e+00 1.230452e+00
8.800000e+00 1.257498e+00
8.833333e+00 1.222840e+00
8.866667e+00 1.267432e+00
8.900000e+00 1.298469e+00
8.933333e+00 1.322078e+00
8.966667e+00 1.373812e+00
9.000000e+00 1.450737e+00
9.033333e+00 1.346694e+00
9.066667e+00 1.380248e+00
9.100000e+00 1.313996e+00
9.133333e+00 1.349494e+00
9.166667e+00 1.340550e+00
9.200000e+00 1.296652e+00
9.233333e+00 1.317918e+00
9.266667e+00 1.342357e+00
9.300000e+00 1.303483e+00
9.333333e+00 1.284278e+00
9.366667e+00 1.285808e+00
9.400000e+00 1.340456e+00
9.433333e+00 1.416116e+00
9.466667e+00 1.404924e+00
9.500000e+00 1.411915e+00
9.533333e+00 1.387390e+00
9.566667e+00 1.283936e+00
9.600000e+00 1.234608e+00
9.633333e+00 1.267683e+00
9.666667e+00 1.242755e+00
9.700000e+00 1.281328e+00
9.733333e+00 1.282560e+00
9.766667e+00 1.348210e+00
9.800000e+00 1.397537e+00
9.833333e+00 1.481093e+00
9.866667e+00 1.450807e+00
9.900000e+00 1.389628e+00
9.933333e+00 1.361248e+00
9.966667e+00 1.300624e+00
