0.574566 2.935645 0.500000 0.001950 0.003770 0.000000 0.0 0.0 0.0 0.475900 0.0 0
0.451888 2.990099 1.500000 0.003200 0.004310 0.000000 0.0 0.0 0.0 0.473900 0.0 0
0.564510 2.943070 2.500000 -0.003870 0.001670 0.000000 0.0 0.0 0.0 0.476000 0.0 0
0.481591 2.926208 3.500000 0.001780 -0.000180 0.000000 0.0 0.0 0.0 0.459850 0.0 0
0.478806 3.069925 4.500000 -0.002050 -0.000130 0.000000 0.0 0.0 0.0 0.488800 0.0 0
1.476636 3.060333 1.000000 0.001350 -0.003080 0.000000 0.0 0.0 0.0 0.459350 0.0 0
1.566363 2.966430 2.000000 0.002330 -0.001320 0.000000 0.0 0.0 0.0 0.489200 0.0 0
1.564816 2.937346 3.000000 -0.000840 0.004230 0.000000 0.0 0.0 0.0 0.483000 0.0 0
1.561103 2.980817 4.000000 0.001510 -0.004940 0.000000 0.0 0.0 0.0 0.477850 0.0 0
1.482979 2.957767 5.000000 -0.003120 -0.003240 0.000000 0.0 0.0 0.0 0.489350 0.0 0
2.523661 2.952043 0.500000 0.001670 0.002160 0.000000 0.0 0.0 0.0 0.493300 0.0 0
2.607354 3.024907 1.500000 0.003580 0.003990 0.000000 0.0 0.0 0.0 0.451600 0.0 0
2.571154 2.975867 2.500000 -0.002720 0.000750 0.000000 0.0 0.0 0.0 0.468250 0.0 0
2.474931 3.037902 3.500000 0.004710 -0.003520 0.000000 0.0 0.0 0.0 0.476050 0.0 0
2.569762 3.000309 4.500000 0.001270 0.002530 0.000000 0.0 0.0 0.0 0.472550 0.0 0
3.578731 2.977414 1.000000 0.000670 -0.001990 0.000000 0.0 0.0 0.0 0.492250 0.0 0
3.610135 3.058786 2.000000 -0.003940 -0.001220 0.000000 0.0 0.0 0.0 0.468250 0.0 0
3.555990 2.944927 3.000000 0.000330 0.001320 0.000000 0.0 0.0 0.0 0.463300 0.0 0
3.527989 2.977414 4.000000 0.002980 -0.001340 0.000000 0.0 0.0 0.0 0.490750 0.0 0
3.617715 2.961480 5.000000 -0.001800 -0.004060 0.000000 0.0 0.0 0.0 0.457500 0.0 0
4.510504 3.030321 0.500000 0.001990 -0.002540 0.000000 0.0 0.0 0.0 0.462100 0.0 0
4.549334 2.993967 1.500000 0.002010 0.002850 0.000000 0.0 0.0 0.0 0.491050 0.0 0
4.611987 2.936418 2.500000 -0.000140 -0.004160 0.000000 0.0 0.0 0.0 0.471150 0.0 0
4.628386 3.061416 3.500000 -0.000640 -0.001140 0.000000 0.0 0.0 0.0 0.466250 0.0 0
4.656851 3.021658 4.500000 -0.000110 0.001730 0.000000 0.0 0.0 0.0 0.464350 0.0 0
1.061414 3.957299 1.000000 0.001810 -0.003420 0.000000 0.0 0.0 0.0 0.489300 0.0 0
0.990252 3.974316 2.000000 0.000320 0.000970 0.000000 0.0 0.0 0.0 0.455900 0.0 0
1.044242 4.015776 3.000000 -0.003990 0.000610 0.000000 0.0 0.0 0.0 0.494750 0.0 0
0.959157 4.084153 4.000000 -0.002540 -0.003140 0.000000 0.0 0.0 0.0 0.475350 0.0 0
1.008042 3.964570 5.000000 -0.000850 -0.000350 0.000000 0.0 0.0 0.0 0.478900 0.0 0
2.011597 3.950801 0.500000 -0.001880 -0.004250 0.000000 0.0 0.0 0.0 0.460600 0.0 0
2.061874 3.970448 1.500000 -0.004390 -0.000050 0.000000 0.0 0.0 0.0 0.461600 0.0 0
2.081057 4.053213 2.500000 -0.004560 0.000010 0.000000 0.0 0.0 0.0 0.472550 0.0 0
2.047797 4.087402 3.500000 -0.004040 -0.002760 0.000000 0.0 0.0 0.0 0.492050 0.0 0
1.971375 3.981587 4.500000 0.001580 0.003270 0.000000 0.0 0.0 0.0 0.453650 0.0 0
3.025980 4.034030 1.000000 0.000430 0.004140 0.000000 0.0 0.0 0.0 0.460150 0.0 0
2.995504 4.085855 2.000000 -0.002410 0.001030 0.000000 0.0 0.0 0.0 0.481100 0.0 0
3.049030 3.974470 3.000000 0.004360 0.002210 0.000000 0.0 0.0 0.0 0.485650 0.0 0
3.083064 3.982670 4.000000 0.000480 0.002700 0.000000 0.0 0.0 0.0 0.492750 0.0 0
3.111065 4.021499 5.000000 0.000270 -0.001080 0.000000 0.0 0.0 0.0 0.456850 0.0 0
4.011125 4.008505 0.500000 -0.002780 -0.000250 0.000000 0.0 0.0 0.0 0.464300 0.0 0
4.120962 3.984371 1.500000 0.000740 -0.003420 0.000000 0.0 0.0 0.0 0.479700 0.0 0
4.125912 4.012063 2.500000 -0.002700 -0.001350 0.000000 0.0 0.0 0.0 0.462000 0.0 0
4.043766 3.959000 3.500000 0.003290 0.002640 0.000000 0.0 0.0 0.0 0.492850 0.0 0
4.034484 3.954050 4.500000 0.002720 0.003760 0.000000 0.0 0.0 0.0 0.455100 0.0 0
5.053663 3.994736 1.000000 0.003080 0.004100 0.000000 0.0 0.0 0.0 0.459300 0.0 0
5.068824 4.060020 2.000000 -0.003860 -0.003360 0.000000 0.0 0.0 0.0 0.452700 0.0 0
5.094350 3.990405 3.000000 -0.003000 -0.002320 0.000000 0.0 0.0 0.0 0.452700 0.0 0
5.024580 4.078429 4.000000 -0.001910 0.000570 0.000000 0.0 0.0 0.0 0.476700 0.0 0
5.106107 3.969675 5.000000 0.003960 0.002620 0.000000 0.0 0.0 0.0 0.479500 0.0 0
0.478651 4.998600 0.500000 0.003750 -0.003470 0.000000 0.0 0.0 0.0 0.488000 0.0 0
0.493503 5.026137 1.500000 0.002290 -0.004700 0.000000 0.0 0.0 0.0 0.452500 0.0 0
0.523360 5.060635 2.500000 -0.000070 -0.003890 0.000000 0.0 0.0 0.0 0.488200 0.0 0
0.434407 5.072237 3.500000 -0.002040 0.003350 0.000000 0.0 0.0 0.0 0.450650 0.0 0
0.573947 4.969671 4.500000 0.002760 0.000000 0.000000 0.0 0.0 0.0 0.499050 0.0 0
1.521190 5.115244 1.000000 0.000320 0.001130 0.000000 0.0 0.0 0.0 0.480000 0.0 0
1.574716 5.063574 2.000000 0.000340 -0.002620 0.000000 0.0 0.0 0.0 0.495600 0.0 0
1.540218 5.006180 3.000000 0.003190 -0.000990 0.000000 0.0 0.0 0.0 0.468850 0.0 0
1.493344 4.988235 4.000000 -0.002320 0.003340 0.000000 0.0 0.0 0.0 0.493200 0.0 0
1.477410 5.098382 5.000000 -0.003390 0.003440 0.000000 0.0 0.0 0.0 0.461300 0.0 0
2.594514 5.075641 0.500000 -0.000650 0.003270 0.000000 0.0 0.0 0.0 0.458800 0.0 0
2.576105 4.968433 1.500000 0.004750 0.001950 0.000000 0.0 0.0 0.0 0.475900 0.0 0
2.586779 5.036811 2.500000 -0.001790 0.004860 0.000000 0.0 0.0 0.0 0.459550 0.0 0
2.521496 4.977406 3.500000 -0.003940 0.000620 0.000000 0.0 0.0 0.0 0.460350 0.0 0
2.613852 5.009119 4.500000 0.004790 -0.002590 0.000000 0.0 0.0 0.0 0.486700 0.0 0
3.577493 5.106736 1.000000 -0.004000 -0.003580 0.000000 0.0 0.0 0.0 0.481250 0.0 0
3.508651 5.106581 2.000000 -0.004720 -0.003190 0.000000 0.0 0.0 0.0 0.480850 0.0 0
3.604256 5.043463 3.000000 -0.001380 0.002030 0.000000 0.0 0.0 0.0 0.465400 0.0 0
3.592035 5.040678 4.000000 0.002130 0.001700 0.000000 0.0 0.0 0.0 0.487150 0.0 0
3.528917 4.968743 5.000000 0.000910 -0.000810 0.000000 0.0 0.0 0.0 0.493900 0.0 0
4.513443 5.043927 0.500000 0.001710 -0.004750 0.000000 0.0 0.0 0.0 0.483400 0.0 0
4.539433 4.985914 1.500000 -0.000520 -0.004490 0.000000 0.0 0.0 0.0 0.469200 0.0 0
4.537267 5.109520 2.500000 -0.000780 -0.001560 0.000000 0.0 0.0 0.0 0.489050 0.0 0
4.524427 5.004633 3.500000 -0.003810 -0.003420 0.000000 0.0 0.0 0.0 0.485450 0.0 0
4.560472 5.105962 4.500000 0.002680 -0.004570 0.000000 0.0 0.0 0.0 0.489850 0.0 0
1.074100 6.117097 1.000000 0.002340 0.004610 0.000000 0.0 0.0 0.0 0.460850 0.0 0
0.956682 6.071924 2.000000 -0.003670 0.002730 0.000000 0.0 0.0 0.0 0.488200 0.0 0
1.021347 6.069139 3.000000 0.003000 0.001910 0.000000 0.0 0.0 0.0 0.484900 0.0 0
1.068530 6.092809 4.000000 0.004780 -0.003660 0.000000 0.0 0.0 0.0 0.472950 0.0 0
1.087713 6.032785 5.000000 0.001870 -0.001880 0.000000 0.0 0.0 0.0 0.474300 0.0 0
2.086472 6.002618 0.500000 -0.003400 -0.000470 0.000000 0.0 0.0 0.0 0.459050 0.0 0
2.040216 6.115859 1.500000 -0.004770 -0.003030 0.000000 0.0 0.0 0.0 0.472050 0.0 0
2.056460 6.044387 2.500000 0.000090 0.002220 0.000000 0.0 0.0 0.0 0.497050 0.0 0
2.009586 6.045625 3.500000 -0.004280 0.004000 0.000000 0.0 0.0 0.0 0.464400 0.0 0
2.005409 5.987612 4.500000 -0.001730 -0.000230 0.000000 0.0 0.0 0.0 0.495800 0.0 0
3.047329 6.011127 1.000000 0.001600 0.003100 0.000000 0.0 0.0 0.0 0.495350 0.0 0
3.110910 5.991325 2.000000 0.001450 -0.001010 0.000000 0.0 0.0 0.0 0.480200 0.0 0
3.118800 6.090643 3.000000 0.002970 -0.000350 0.000000 0.0 0.0 0.0 0.477950 0.0 0
2.991791 6.079195 4.000000 0.004590 0.001320 0.000000 0.0 0.0 0.0 0.481850 0.0 0
3.051970 6.014221 5.000000 0.003930 -0.001820 0.000000 0.0 0.0 0.0 0.460150 0.0 0
3.998594 6.073007 0.500000 -0.002570 0.004160 0.000000 0.0 0.0 0.0 0.458200 0.0 0
4.026285 6.079968 1.500000 0.002940 -0.004310 0.000000 0.0 0.0 0.0 0.495250 0.0 0
4.097602 6.039127 2.500000 0.002090 0.001430 0.000000 0.0 0.0 0.0 0.462650 0.0 0
4.032009 6.113074 3.500000 0.001470 -0.001770 0.000000 0.0 0.0 0.0 0.499350 0.0 0
4.123283 5.986839 4.500000 -0.001420 -0.004750 0.000000 0.0 0.0 0.0 0.462950 0.0 0
5.058459 6.071924 1.000000 0.004840 0.000960 0.000000 0.0 0.0 0.0 0.484700 0.0 0
5.091720 6.058774 2.000000 0.002700 -0.004390 0.000000 0.0 0.0 0.0 0.480200 0.0 0
5.022723 6.024895 3.000000 0.001480 0.002500 0.000000 0.0 0.0 0.0 0.456300 0.0 0
5.079034 6.005248 4.000000 -0.001060 0.002680 0.000000 0.0 0.0 0.0 0.487150 0.0 0
5.043917 6.121119 5.000000 -0.002360 -0.002370 0.000000 0.0 0.0 0.0 0.481100 0.0 0
0.521658 7.026438 0.500000 0.000440 -0.003710 0.000000 0.0 0.0 0.0 0.489250 0.0 0
0.476331 7.088009 1.500000 0.003530 -0.004460 0.000000 0.0 0.0 0.0 0.464600 0.0 0
0.453899 7.148806 2.500000 -0.001280 0.004200 0.000000 0.0 0.0 0.0 0.474150 0.0 0
0.540067 7.085998 3.500000 0.001700 -0.002080 0.000000 0.0 0.0 0.0 0.454950 0.0 0
0.448485 7.111369 4.500000 -0.003770 0.003660 0.000000 0.0 0.0 0.0 0.473600 0.0 0
1.559710 7.145403 1.000000 0.000160 -0.004840 0.000000 0.0 0.0 0.0 0.470450 0.0 0
1.498140 7.146950 2.000000 0.000060 -0.002740 0.000000 0.0 0.0 0.0 0.492750 0.0 0
1.460393 7.018239 3.000000 -0.000840 -0.004040 0.000000 0.0 0.0 0.0 0.455250 0.0 0
1.588175 7.063566 4.000000 0.000960 0.002790 0.000000 0.0 0.0 0.0 0.455700 0.0 0
1.558782 7.141071 5.000000 -0.000130 0.004780 0.000000 0.0 0.0 0.0 0.450250 0.0 0
2.596989 7.027057 0.500000 0.002500 0.001920 0.000000 0.0 0.0 0.0 0.478150 0.0 0
2.477870 7.016692 1.500000 0.002220 -0.004910 0.000000 0.0 0.0 0.0 0.487450 0.0 0
2.606117 7.014990 2.500000 -0.001320 -0.000640 0.000000 0.0 0.0 0.0 0.474900 0.0 0
2.487925 7.141071 3.500000 -0.004990 -0.004820 0.000000 0.0 0.0 0.0 0.472850 0.0 0
2.478489 7.111059 4.500000 -0.003800 -0.000630 0.000000 0.0 0.0 0.0 0.496350 0.0 0
3.633495 7.100849 1.000000 0.001270 -0.000900 0.000000 0.0 0.0 0.0 0.476900 0.0 0
3.513602 7.029687 2.000000 0.001520 0.001230 0.000000 0.0 0.0 0.0 0.457600 0.0 0
3.516696 7.044229 3.000000 0.003110 -0.001760 0.000000 0.0 0.0 0.0 0.494600 0.0 0
3.546244 7.027521 4.000000 -0.004540 0.004270 0.000000 0.0 0.0 0.0 0.493600 0.0 0
3.537735 7.103788 5.000000 -0.002770 0.001930 0.000000 0.0 0.0 0.0 0.493150 0.0 0
4.607346 7.056295 0.500000 -0.000350 0.001260 0.000000 0.0 0.0 0.0 0.469100 0.0 0
4.657779 7.067743 1.500000 0.002020 0.002370 0.000000 0.0 0.0 0.0 0.491900 0.0 0
4.532626 7.006327 2.500000 -0.000910 0.004940 0.000000 0.0 0.0 0.0 0.463450 0.0 0
4.639524 7.115855 3.500000 0.000460 -0.004500 0.000000 0.0 0.0 0.0 0.461650 0.0 0
4.625601 7.157624 4.500000 -0.001570 -0.000360 0.000000 0.0 0.0 0.0 0.483200 0.0 0
