1.000000e+00 4.771100e-01
1.033333e+00 4.774777e-01
1.066667e+00 4.762638e-01
1.100000e+00 4.740626e-01
1.133333e+00 4.746096e-01
1.166667e+00 4.766696e-01
1.200000e+00 4.781711e-01
1.233333e+00 4.788564e-01
1.266667e+00 4.770105e-01
1.300000e+00 4.776637e-01
1.333333e+00 4.753193e-01
1.366667e+00 4.737526e-01
1.400000e+00 4.731621e-01
1.433333e+00 4.727908e-01
1.466667e+00 4.716297e-01
1.500000e+00 4.758176e-01
1.533333e+00 4.773313e-01
1.566667e+00 4.793726e-01
1.600000e+00 4.772435e-01
1.633333e+00 4.747233e-01
1.666667e+00 4.738080e-01
1.700000e+00 4.757705e-01
1.733333e+00 4.761946e-01
1.766667e+00 4.783157e-01
1.800000e+00 4.787282e-01
1.833333e+00 4.756505e-01
1.866667e+00 4.746173e-01
1.900000e+00 4.774541e-01
1.933333e+00 4.783878e-01
1.966667e+00 4.790017e-01
2.000000e+00 4.756009e-01
2.033333e+00 4.739425e-01
2.066667e+00 4.739467e-01
2.100000e+00 4.736947e-01
2.133333e+00 4.760341e-01
2.166667e+00 4.784813e-01
2.200000e+00 4.792057e-01
2.233333e+00 4.787775e-01
2.266667e+00 4.789688e-01
2.300000e+00 4.766719e-01
2.333333e+00 4.755072e-01
2.366667e+00 4.769701e-01
2.400000e+00 4.784226e-01
2.433333e+00 4.798665e-01
2.466667e+00 4.801128e-01
2.500000e+00 4.783872e-01
2.533333e+00 4.759448e-01
2.566667e+00 4.755652e-01
2.600000e+00 4.759698e-01
2.633333e+00 4.773715e-01
2.666667e+00 4.788919e-01
2.700000e+00 4.784823e-01
2.733333e+00 4.786648e-01
2.766667e+00 4.766921e-01
2.800000e+00 4.768038e-01
2.833333e+00 4.773342e-01
2.866667e+00 4.797790e-01
2.900000e+00 4.803876e-01
2.933333e+00 4.778109e-01
2.966667e+00 4.778462e-01
3.000000e+00 4.767165e-01
3.033333e+00 4.776480e-01
3.066667e+00 4.776954e-01
3.100000e+00 4.783629e-01
3.133333e+00 4.762892e-01
3.166667e+00 4.778963e-01
3.200000e+00 4.761615e-01
3.233333e+00 4.766315e-01
3.266667e+00 4.777467e-01
3.300000e+00 4.794292e-01
3.333333e+00 4.793499e-01
3.366667e+00 4.771753e-01
3.400000e+00 4.782580e-01
3.433333e+00 4.779795e-01
3.466667e+00 4.797873e-01
3.500000e+00 4.802232e-01
3.533333e+00 4.791704e-01
3.566667e+00 4.780649e-01
3.600000e+00 4.794316e-01
3.633333e+00 4.795568e-01
3.666667e+00 4.805513e-01
3.700000e+00 4.799540e-01
3.733333e+00 4.764151e-01
3.766667e+00 4.782839e-01
3.800000e+00 4.802721e-01
3.833333e+00 4.807245e-01
3.866667e+00 4.810009e-01
3.900000e+00 4.783868e-01
3.933333e+00 4.758860e-01
3.966667e+00 4.770301e-01
4.000000e+00 4.791546e-01
4.033333e+00 4.799916e-01
4.066667e+00 4.790388e-01
4.100000e+00 4.803723e-01
4.133333e+00 4.781501e-01
4.166667e+00 4.766504e-01
4.200000e+00 4.770695e-01
4.233333e+00 4.770829e-01
4.266667e+00 4.790089e-01
4.300000e+00 4.793680e-01
4.333333e+00 4.780669e-01
4.366667e+00 4.772451e-01
4.400000e+00 4.779045e-01
4.433333e+00 4.783376e-01
4.466667e+00 4.799919e-01
4.500000e+00 4.809833e-01
4.533333e+00 4.793067e-01
4.566667e+00 4.764958e-01
4.600000e+00 4.757585e-01
4.633333e+00 4.761130e-01
4.666667e+00 4.776973e-01
4.700000e+00 4.792600e-01
4.733333e+00 4.806377e-01
4.766667e+00 4.803869e-01
4.800000e+00 4.805543e-01
4.833333e+00 4.794774e-01
4.866667e+00 4.775512e-01
4.900000e+00 4.774381e-01
4.933333e+00 4.802196e-01
4.966667e+00 4.815281e-01
5.000000e+00 4.787890e-01
5.033333e+00 3.685927e-01
5.066667e+00 1.252156e+00
5.100000e+00 1.252156e+00
5.133333e+00 3.442477e-01
5.166667e+00 3.523438e-01
5.200000e+00 3.588980e-01
5.233333e+00 3.615505e-01
5.266667e+00 3.772913e-01
5.300000e+00 4.069278e-01
5.333333e+00 4.588144e-01
5.366667e+00 4.754502e-01
5.400000e+00 4.532692e-01
5.433333e+00 4.722409e-01
5.466667e+00 4.543522e-01
5.500000e+00 4.747698e-01
5.533333e+00 4.805709e-01
5.566667e+00 4.777066e-01
5.600000e+00 4.806303e-01
5.633333e+00 4.836448e-01
5.666667e+00 4.783883e-01
5.700000e+00 4.752060e-01
5.733333e+00 4.764151e-01
5.766667e+00 4.791633e-01
5.800000e+00 4.739429e-01
5.833333e+00 4.708442e-01
5.866667e+00 4.756883e-01
5.900000e+00 4.784905e-01
5.933333e+00 4.772131e-01
5.966667e+00 4.760405e-01
6.000000e+00 4.751979e-01
6.033333e+00 4.748568e-01
6.066667e+00 4.741413e-01
6.100000e+00 4.761301e-01
6.133333e+00 4.795560e-01
6.166667e+00 4.774172e-01
6.200000e+00 4.750756e-01
6.233333e+00 4.701412e-01
6.266667e+00 4.720243e-01
6.300000e+00 4.743881e-01
6.333333e+00 4.776765e-01
6.366667e+00 4.755822e-01
6.400000e+00 4.756512e-01
6.433333e+00 4.740374e-01
6.466667e+00 4.742649e-01
6.500000e+00 4.763157e-01
6.533333e+00 4.754320e-01
6.566667e+00 4.768297e-01
6.600000e+00 4.774215e-01
6.633333e+00 4.780384e-01
6.666667e+00 4.765367e-01
6.700000e+00 4.737085e-01
6.733333e+00 4.724177e-01
6.766667e+00 4.718479e-01
6.800000e+00 4.760485e-01
6.833333e+00 4.766862e-01
6.866667e+00 4.793322e-01
6.900000e+00 4.772945e-01
6.933333e+00 4.747779e-01
6.966667e+00 4.738487e-01
7.000000e+00 4.757457e-01
7.033333e+00 4.746046e-01
7.066667e+00 4.755847e-01
7.100000e+00 4.749242e-01
7.133333e+00 4.748634e-01
7.166667e+00 4.767492e-01
7.200000e+00 4.786893e-01
7.233333e+00 4.765441e-01
7.266667e+00 4.745078e-01
7.300000e+00 4.745031e-01
7.333333e+00 4.749245e-01
7.366667e+00 4.746816e-01
7.400000e+00 4.763915e-01
7.433333e+00 4.795629e-01
7.466667e+00 4.791905e-01
7.500000e+00 4.766046e-01
7.533333e+00 4.745673e-01
7.566667e+00 4.726605e-01
7.600000e+00 4.729878e-01
7.633333e+00 4.776565e-01
7.666667e+00 4.790128e-01
7.700000e+00 4.796481e-01
7.733333e+00 4.784873e-01
7.766667e+00 4.769914e-01
7.800000e+00 4.765083e-01
7.833333e+00 4.760904e-01
7.866667e+00 4.755644e-01
7.900000e+00 4.776298e-01
7.933333e+00 4.784916e-01
7.966667e+00 4.772393e-01
8.000000e+00 4.795941e-01
8.033333e+00 4.781918e-01
8.066667e+00 4.762158e-01
8.100000e+00 4.775460e-01
8.133333e+00 4.790382e-01
8.166667e+00 4.799131e-01
8.200000e+00 4.777911e-01
8.233333e+00 4.741383e-01
8.266667e+00 4.741897e-01
8.300000e+00 4.754426e-01
8.333333e+00 4.777916e-01
8.366667e+00 4.809030e-01
8.400000e+00 4.809990e-01
8.433333e+00 4.805962e-01
8.466667e+00 4.780825e-01
8.500000e+00 4.749738e-01
8.533333e+00 4.753261e-01
8.566667e+00 4.754593e-01
8.600000e+00 4.767688e-01
8.633333e+00 4.777278e-01
8.666667e+00 4.781605e-01
8.700000e+00 4.798324e-01
8.733333e+00 4.786845e-01
8.766667e+00 4.789396e-01
8.800000e+00 4.782489e-01
8.833333e+00 4.751413e-01
8.866667e+00 4.769420e-01
8.900000e+00 4.762204e-01
8.933333e+00 4.758760e-01
8.966667e+00 4.784275e-01
9.000000e+00 4.794404e-01
9.033333e+00 4.811283e-01
9.066667e+00 4.803051e-01
9.100000e+00 4.793326e-01
9.133333e+00 4.793637e-01
9.166667e+00 4.785137e-01
9.200000e+00 4.795902e-01
9.233333e+00 4.798018e-01
9.266667e+00 4.799414e-01
9.300000e+00 4.802440e-01
9.333333e+00 4.784396e-01
9.366667e+00 4.779495e-01
9.400000e+00 4.795955e-01
9.433333e+00 4.781509e-01
9.466667e+00 4.797407e-01
9.500000e+00 4.807219e-01
9.533333e+00 4.796779e-01
9.566667e+00 4.773492e-01
9.600000e+00 4.739125e-01
9.633333e+00 4.744179e-01
9.666667e+00 4.762264e-01
9.700000e+00 4.788085e-01
9.733333e+00 4.822214e-01
9.766667e+00 4.823486e-01
9.800000e+00 4.809282e-01
9.833333e+00 4.793315e-01
9.866667e+00 4.779181e-01
9.900000e+00 4.754940e-01
9.933333e+00 4.784396e-01
9.966667e+00 4.786827e-01
