WALL_SPEED 1.128809e+01, WALL_MASS 3.000000e+02, L_density_value 1300.000000,  H_density_value 2700.000000
       
number_of_files        wall_force      wall_force_x
0 -3.000000e+02 0.000000e+00
1 -3.000000e+02 0.000000e+00
2 -3.000000e+02 0.000000e+00
3 -3.000000e+02 0.000000e+00
4 -3.000000e+02 0.000000e+00
5 -3.000000e+02 0.000000e+00
6 -3.000000e+02 0.000000e+00
7 -3.000000e+02 0.000000e+00
8 -3.000000e+02 0.000000e+00
9 -3.000000e+02 0.000000e+00
10 -3.000000e+02 0.000000e+00
11 -3.000000e+02 0.000000e+00
12 -3.000000e+02 0.000000e+00
13 -3.000000e+02 0.000000e+00
14 -3.000000e+02 0.000000e+00
15 -3.000000e+02 0.000000e+00
16 -3.000000e+02 0.000000e+00
17 -3.000000e+02 0.000000e+00
18 -3.000000e+02 0.000000e+00
19 -3.000000e+02 0.000000e+00
20 -3.000000e+02 0.000000e+00
21 -3.000000e+02 0.000000e+00
22 -3.000000e+02 0.000000e+00
23 -3.000000e+02 0.000000e+00
24 -3.000000e+02 0.000000e+00
25 -3.000000e+02 0.000000e+00
26 -3.000000e+02 0.000000e+00
27 -3.000000e+02 0.000000e+00
28 -3.000000e+02 0.000000e+00
29 -3.000000e+02 0.000000e+00
30 -3.000000e+02 0.000000e+00
31 -3.000000e+02 0.000000e+00
32 -3.000000e+02 0.000000e+00
33 -3.000000e+02 0.000000e+00
34 -3.000000e+02 0.000000e+00
35 -3.000000e+02 0.000000e+00
36 -3.000000e+02 0.000000e+00
37 -3.000000e+02 0.000000e+00
38 -3.000000e+02 0.000000e+00
39 -3.000000e+02 0.000000e+00
40 -3.000000e+02 0.000000e+00
41 -3.000000e+02 0.000000e+00
42 -3.000000e+02 0.000000e+00
43 -3.000000e+02 0.000000e+00
44 -3.000000e+02 0.000000e+00
45 -3.000000e+02 0.000000e+00
46 -3.000000e+02 0.000000e+00
47 -3.000000e+02 0.000000e+00
48 -3.000000e+02 0.000000e+00
49 -3.000000e+02 0.000000e+00
50 -3.000000e+02 0.000000e+00
51 -3.000000e+02 0.000000e+00
52 -3.000000e+02 0.000000e+00
53 -3.000000e+02 0.000000e+00
54 -3.000000e+02 0.000000e+00
55 -3.000000e+02 0.000000e+00
56 -3.000000e+02 0.000000e+00
57 -3.000000e+02 0.000000e+00
58 -3.000000e+02 0.000000e+00
59 -3.000000e+02 0.000000e+00
60 -3.000000e+02 0.000000e+00
61 -3.000000e+02 0.000000e+00
62 -3.000000e+02 0.000000e+00
63 -3.000000e+02 0.000000e+00
64 -3.000000e+02 0.000000e+00
65 -3.000000e+02 0.000000e+00
66 -3.000000e+02 0.000000e+00
67 -3.000000e+02 0.000000e+00
68 -3.000000e+02 0.000000e+00
69 -3.000000e+02 0.000000e+00
70 -3.000000e+02 0.000000e+00
71 -3.000000e+02 0.000000e+00
72 -3.000000e+02 0.000000e+00
73 -3.000000e+02 0.000000e+00
74 -3.000000e+02 0.000000e+00
75 -3.000000e+02 0.000000e+00
76 -3.000000e+02 0.000000e+00
77 -3.000000e+02 0.000000e+00
78 -3.000000e+02 0.000000e+00
79 -3.000000e+02 0.000000e+00
80 -3.000000e+02 0.000000e+00
81 -3.000000e+02 0.000000e+00
82 -3.000000e+02 0.000000e+00
83 -3.000000e+02 0.000000e+00
84 -3.000000e+02 0.000000e+00
85 -3.000000e+02 0.000000e+00
86 -3.000000e+02 0.000000e+00
87 -3.000000e+02 0.000000e+00
88 -3.000000e+02 0.000000e+00
89 -3.000000e+02 0.000000e+00
90 -3.000000e+02 0.000000e+00
91 -3.000000e+02 0.000000e+00
92 -3.000000e+02 0.000000e+00
93 -3.000000e+02 0.000000e+00
94 -3.000000e+02 0.000000e+00
95 -3.000000e+02 0.000000e+00
96 -3.000000e+02 0.000000e+00
97 -3.000000e+02 0.000000e+00
98 -3.000000e+02 0.000000e+00
99 -3.000000e+02 0.000000e+00
100 -3.000000e+02 0.000000e+00
101 -3.000000e+02 0.000000e+00
102 -3.000000e+02 0.000000e+00
103 -3.000000e+02 0.000000e+00
104 -3.000000e+02 0.000000e+00
105 -3.000000e+02 0.000000e+00
106 -3.000000e+02 0.000000e+00
107 -3.000000e+02 0.000000e+00
108 -3.000000e+02 0.000000e+00
109 -3.000000e+02 0.000000e+00
110 -3.000000e+02 0.000000e+00
111 -3.000000e+02 0.000000e+00
112 -3.000000e+02 0.000000e+00
113 -3.000000e+02 0.000000e+00
114 -3.000000e+02 0.000000e+00
115 -3.000000e+02 0.000000e+00
116 -3.000000e+02 0.000000e+00
117 -3.000000e+02 0.000000e+00
118 -3.000000e+02 0.000000e+00
119 -3.000000e+02 0.000000e+00
120 -3.000000e+02 0.000000e+00
121 -3.000000e+02 0.000000e+00
122 -3.000000e+02 0.000000e+00
123 -3.000000e+02 0.000000e+00
124 -3.000000e+02 0.000000e+00
125 -3.000000e+02 0.000000e+00
126 -3.000000e+02 0.000000e+00
127 -3.000000e+02 0.000000e+00
128 -3.000000e+02 0.000000e+00
129 -3.000000e+02 0.000000e+00
130 -3.000000e+02 0.000000e+00
131 -3.000000e+02 0.000000e+00
132 -3.000000e+02 0.000000e+00
133 -3.000000e+02 0.000000e+00
134 -3.000000e+02 0.000000e+00
135 -3.000000e+02 0.000000e+00
136 -3.000000e+02 0.000000e+00
137 -3.000000e+02 0.000000e+00
138 -3.000000e+02 0.000000e+00
139 -3.000000e+02 0.000000e+00
140 -3.000000e+02 0.000000e+00
141 -3.000000e+02 0.000000e+00
142 -3.000000e+02 0.000000e+00
143 -3.000000e+02 0.000000e+00
144 -3.000000e+02 0.000000e+00
145 -3.000000e+02 0.000000e+00
146 -3.000000e+02 0.000000e+00
147 -3.000000e+02 0.000000e+00
148 -3.000000e+02 0.000000e+00
149 -3.000000e+02 0.000000e+00
150 -3.000000e+02 0.000000e+00
151 -3.000000e+02 0.000000e+00
152 -3.000000e+02 0.000000e+00
153 -3.000000e+02 0.000000e+00
154 -3.000000e+02 0.000000e+00
155 -3.000000e+02 0.000000e+00
156 -3.000000e+02 0.000000e+00
157 -3.000000e+02 0.000000e+00
158 -3.000000e+02 0.000000e+00
159 -3.000000e+02 0.000000e+00
160 -3.000000e+02 0.000000e+00
161 -3.000000e+02 0.000000e+00
162 -3.000000e+02 0.000000e+00
163 -3.000000e+02 0.000000e+00
164 -3.000000e+02 0.000000e+00
165 -3.000000e+02 0.000000e+00
166 -3.000000e+02 0.000000e+00
167 -3.000000e+02 0.000000e+00
168 -3.000000e+02 0.000000e+00
169 -3.000000e+02 0.000000e+00
170 -3.000000e+02 0.000000e+00
171 -3.000000e+02 0.000000e+00
172 -3.000000e+02 0.000000e+00
173 -3.000000e+02 0.000000e+00
174 -3.000000e+02 0.000000e+00
175 -3.000000e+02 0.000000e+00
176 -3.000000e+02 0.000000e+00
177 -3.000000e+02 0.000000e+00
178 -3.000000e+02 0.000000e+00
179 -3.000000e+02 0.000000e+00
180 -3.000000e+02 0.000000e+00
181 -3.000000e+02 0.000000e+00
182 -3.000000e+02 0.000000e+00
183 -3.000000e+02 0.000000e+00
184 -3.000000e+02 0.000000e+00
185 -3.000000e+02 0.000000e+00
186 -3.000000e+02 0.000000e+00
187 -3.000000e+02 0.000000e+00
188 -3.000000e+02 0.000000e+00
189 -3.000000e+02 0.000000e+00
190 -3.000000e+02 0.000000e+00
191 -3.000000e+02 0.000000e+00
192 -3.000000e+02 0.000000e+00
193 -3.000000e+02 0.000000e+00
194 -3.000000e+02 0.000000e+00
195 -3.000000e+02 0.000000e+00
196 -3.000000e+02 0.000000e+00
197 -3.000000e+02 0.000000e+00
198 -3.000000e+02 0.000000e+00
199 -3.000000e+02 0.000000e+00
200 -3.000000e+02 0.000000e+00
201 -3.000000e+02 0.000000e+00
202 -3.000000e+02 0.000000e+00
203 -3.000000e+02 0.000000e+00
204 -3.000000e+02 0.000000e+00
205 -3.000000e+02 0.000000e+00
206 -3.000000e+02 0.000000e+00
207 -3.000000e+02 0.000000e+00
208 -3.000000e+02 0.000000e+00
209 -3.000000e+02 0.000000e+00
210 -3.000000e+02 0.000000e+00
211 -3.000000e+02 0.000000e+00
212 -3.000000e+02 0.000000e+00
213 -3.000000e+02 0.000000e+00
214 -3.000000e+02 0.000000e+00
215 -3.000000e+02 0.000000e+00
216 -3.000000e+02 0.000000e+00
217 -3.000000e+02 0.000000e+00
218 -3.000000e+02 0.000000e+00
219 -3.000000e+02 0.000000e+00
220 -3.000000e+02 0.000000e+00
221 -3.000000e+02 0.000000e+00
222 -3.000000e+02 0.000000e+00
223 -3.000000e+02 0.000000e+00
224 -3.000000e+02 0.000000e+00
225 -3.000000e+02 0.000000e+00
226 -3.000000e+02 0.000000e+00
227 -3.000000e+02 0.000000e+00
228 -3.000000e+02 0.000000e+00
229 -3.000000e+02 0.000000e+00
230 -3.000000e+02 0.000000e+00
231 -3.000000e+02 0.000000e+00
232 -3.000000e+02 0.000000e+00
233 -3.000000e+02 0.000000e+00
234 -3.000000e+02 0.000000e+00
235 -3.000000e+02 0.000000e+00
236 -3.000000e+02 0.000000e+00
237 -3.000000e+02 0.000000e+00
238 -3.000000e+02 0.000000e+00
239 -3.000000e+02 0.000000e+00
240 -3.000000e+02 0.000000e+00
241 -3.000000e+02 0.000000e+00
242 -3.000000e+02 0.000000e+00
243 -3.000000e+02 0.000000e+00
244 -3.000000e+02 0.000000e+00
245 -3.000000e+02 0.000000e+00
246 -3.000000e+02 0.000000e+00
247 -3.000000e+02 0.000000e+00
248 -3.000000e+02 0.000000e+00
249 -3.000000e+02 0.000000e+00
250 -3.000000e+02 0.000000e+00
251 -3.000000e+02 0.000000e+00
252 -3.000000e+02 0.000000e+00
253 -3.000000e+02 0.000000e+00
254 -3.000000e+02 0.000000e+00
255 -3.000000e+02 0.000000e+00
256 -3.000000e+02 0.000000e+00
257 -3.000000e+02 0.000000e+00
258 -3.000000e+02 0.000000e+00
259 -3.000000e+02 0.000000e+00
260 -3.000000e+02 0.000000e+00
261 -3.000000e+02 0.000000e+00
262 -3.000000e+02 0.000000e+00
263 -3.000000e+02 0.000000e+00
264 -3.000000e+02 0.000000e+00
265 -3.000000e+02 0.000000e+00
266 -3.000000e+02 0.000000e+00
267 -3.000000e+02 0.000000e+00
268 -3.000000e+02 0.000000e+00
269 -3.000000e+02 0.000000e+00
270 -3.000000e+02 0.000000e+00
271 -3.000000e+02 0.000000e+00
272 -3.000000e+02 0.000000e+00
273 -3.000000e+02 0.000000e+00
274 -3.000000e+02 0.000000e+00
275 -3.000000e+02 0.000000e+00
276 -3.000000e+02 0.000000e+00
277 -3.000000e+02 0.000000e+00
278 -3.000000e+02 0.000000e+00
279 -3.000000e+02 0.000000e+00
280 -3.000000e+02 0.000000e+00
281 -3.000000e+02 0.000000e+00
282 -3.000000e+02 0.000000e+00
283 -3.000000e+02 0.000000e+00
284 -3.000000e+02 0.000000e+00
285 -3.000000e+02 0.000000e+00
286 -3.000000e+02 0.000000e+00
287 -3.000000e+02 0.000000e+00
288 -3.000000e+02 0.000000e+00
289 -3.000000e+02 0.000000e+00
290 -3.000000e+02 0.000000e+00
291 -3.000000e+02 0.000000e+00
292 -3.000000e+02 0.000000e+00
293 -3.000000e+02 0.000000e+00
294 -3.000000e+02 0.000000e+00
295 -3.000000e+02 0.000000e+00
296 -3.000000e+02 0.000000e+00
297 -3.000000e+02 0.000000e+00
298 -3.000000e+02 0.000000e+00
299 -3.000000e+02 0.000000e+00
300 -3.000000e+02 0.000000e+00
301 -3.000000e+02 0.000000e+00
302 -3.000000e+02 0.000000e+00
303 -3.000000e+02 0.000000e+00
304 -3.000000e+02 0.000000e+00
305 -3.000000e+02 0.000000e+00
306 -3.000000e+02 0.000000e+00
307 -3.000000e+02 0.000000e+00
308 -3.000000e+02 0.000000e+00
309 -3.000000e+02 0.000000e+00
310 -3.000000e+02 0.000000e+00
311 -3.000000e+02 0.000000e+00
312 -3.000000e+02 0.000000e+00
313 -3.000000e+02 0.000000e+00
314 -3.000000e+02 0.000000e+00
315 -3.000000e+02 0.000000e+00
316 -3.000000e+02 0.000000e+00
317 -3.000000e+02 0.000000e+00
318 -3.000000e+02 0.000000e+00
319 -3.000000e+02 0.000000e+00
320 -3.000000e+02 0.000000e+00
321 -3.000000e+02 0.000000e+00
322 -3.000000e+02 0.000000e+00
323 -3.000000e+02 0.000000e+00
324 -3.000000e+02 0.000000e+00
325 -3.000000e+02 0.000000e+00
326 -3.000000e+02 0.000000e+00
327 -3.000000e+02 0.000000e+00
328 -3.000000e+02 0.000000e+00
329 -3.000000e+02 0.000000e+00
330 -3.000000e+02 0.000000e+00
331 -3.000000e+02 0.000000e+00
332 -3.000000e+02 0.000000e+00
333 -3.000000e+02 0.000000e+00
334 -3.000000e+02 0.000000e+00
335 -3.000000e+02 0.000000e+00
336 -3.000000e+02 0.000000e+00
337 -3.000000e+02 0.000000e+00
338 -3.000000e+02 0.000000e+00
339 -3.000000e+02 0.000000e+00
340 -3.000000e+02 0.000000e+00
341 -3.000000e+02 0.000000e+00
342 -3.000000e+02 0.000000e+00
343 -3.000000e+02 0.000000e+00
344 -3.000000e+02 0.000000e+00
345 -3.000000e+02 0.000000e+00
346 -3.000000e+02 0.000000e+00
347 -3.000000e+02 0.000000e+00
348 -3.000000e+02 0.000000e+00
349 -3.000000e+02 0.000000e+00
350 -3.000000e+02 0.000000e+00
351 -3.000000e+02 0.000000e+00
352 -3.000000e+02 0.000000e+00
353 -3.000000e+02 0.000000e+00
354 -3.000000e+02 0.000000e+00
355 -3.000000e+02 0.000000e+00
356 -3.000000e+02 0.000000e+00
357 -3.000000e+02 0.000000e+00
358 -3.000000e+02 0.000000e+00
359 -3.000000e+02 0.000000e+00
360 -3.000000e+02 0.000000e+00
361 -3.000000e+02 0.000000e+00
362 -3.000000e+02 0.000000e+00
363 -3.000000e+02 0.000000e+00
364 -3.000000e+02 0.000000e+00
365 -3.000000e+02 0.000000e+00
366 -3.000000e+02 0.000000e+00
367 -3.000000e+02 0.000000e+00
368 -3.000000e+02 0.000000e+00
369 -3.000000e+02 0.000000e+00
370 -3.000000e+02 0.000000e+00
371 -3.000000e+02 0.000000e+00
372 -3.000000e+02 0.000000e+00
373 -3.000000e+02 0.000000e+00
374 -3.000000e+02 0.000000e+00
375 -3.000000e+02 0.000000e+00
376 -3.000000e+02 0.000000e+00
377 -3.000000e+02 0.000000e+00
378 -3.000000e+02 0.000000e+00
379 -3.000000e+02 0.000000e+00
380 -3.000000e+02 0.000000e+00
381 -3.000000e+02 0.000000e+00
382 -3.000000e+02 0.000000e+00
383 -3.000000e+02 0.000000e+00
384 -3.000000e+02 0.000000e+00
385 -3.000000e+02 0.000000e+00
386 -3.000000e+02 0.000000e+00
387 -3.000000e+02 0.000000e+00
388 -3.000000e+02 0.000000e+00
389 -3.000000e+02 0.000000e+00
390 -3.000000e+02 0.000000e+00
391 -3.000000e+02 0.000000e+00
392 -3.000000e+02 0.000000e+00
393 -3.000000e+02 0.000000e+00
394 -3.000000e+02 0.000000e+00
395 -3.000000e+02 0.000000e+00
396 -3.000000e+02 0.000000e+00
397 -3.000000e+02 0.000000e+00
398 -3.000000e+02 0.000000e+00
399 -3.000000e+02 0.000000e+00
400 -3.000000e+02 0.000000e+00
401 -3.000000e+02 0.000000e+00
402 -3.000000e+02 0.000000e+00
403 -3.000000e+02 0.000000e+00
404 -3.000000e+02 0.000000e+00
405 -3.000000e+02 0.000000e+00
406 -3.000000e+02 0.000000e+00
407 -3.000000e+02 0.000000e+00
408 -3.000000e+02 0.000000e+00
409 -3.000000e+02 0.000000e+00
410 -3.000000e+02 0.000000e+00
411 -3.000000e+02 0.000000e+00
412 -3.000000e+02 0.000000e+00
413 -3.000000e+02 0.000000e+00
414 -3.000000e+02 0.000000e+00
415 -3.000000e+02 0.000000e+00
416 -3.000000e+02 0.000000e+00
417 -3.000000e+02 0.000000e+00
418 -3.000000e+02 0.000000e+00
419 -3.000000e+02 0.000000e+00
420 -3.000000e+02 0.000000e+00
421 -3.000000e+02 0.000000e+00
422 -3.000000e+02 0.000000e+00
423 -3.000000e+02 0.000000e+00
424 -3.000000e+02 0.000000e+00
425 -3.000000e+02 0.000000e+00
426 -3.000000e+02 0.000000e+00
427 -3.000000e+02 0.000000e+00
428 -3.000000e+02 0.000000e+00
429 -3.000000e+02 0.000000e+00
430 -3.000000e+02 0.000000e+00
431 -3.000000e+02 0.000000e+00
432 -3.000000e+02 0.000000e+00
433 -3.000000e+02 0.000000e+00
434 -3.000000e+02 0.000000e+00
435 -3.000000e+02 0.000000e+00
436 -3.000000e+02 0.000000e+00
437 -3.000000e+02 0.000000e+00
438 -3.000000e+02 0.000000e+00
439 -3.000000e+02 0.000000e+00
440 -3.000000e+02 0.000000e+00
441 -3.000000e+02 0.000000e+00
442 -3.000000e+02 0.000000e+00
443 -3.000000e+02 0.000000e+00
444 -3.000000e+02 0.000000e+00
445 -3.000000e+02 0.000000e+00
446 -3.000000e+02 0.000000e+00
447 -3.000000e+02 0.000000e+00
448 -3.000000e+02 0.000000e+00
449 -3.000000e+02 0.000000e+00
450 -3.000000e+02 0.000000e+00
451 -3.000000e+02 0.000000e+00
452 -3.000000e+02 0.000000e+00
453 -3.000000e+02 0.000000e+00
454 -3.000000e+02 0.000000e+00
455 -3.000000e+02 0.000000e+00
456 -3.000000e+02 0.000000e+00
457 -3.000000e+02 0.000000e+00
458 -3.000000e+02 0.000000e+00
459 -3.000000e+02 0.000000e+00
460 -3.000000e+02 0.000000e+00
461 -3.000000e+02 0.000000e+00
462 -3.000000e+02 0.000000e+00
463 -3.000000e+02 0.000000e+00
464 -3.000000e+02 0.000000e+00
465 -3.000000e+02 0.000000e+00
466 -3.000000e+02 0.000000e+00
467 -3.000000e+02 0.000000e+00
468 -3.000000e+02 0.000000e+00
469 -3.000000e+02 0.000000e+00
470 -3.000000e+02 0.000000e+00
471 -3.000000e+02 0.000000e+00
472 -3.000000e+02 0.000000e+00
473 -3.000000e+02 0.000000e+00
474 -3.000000e+02 0.000000e+00
475 -3.000000e+02 0.000000e+00
476 -3.000000e+02 0.000000e+00
477 -3.000000e+02 0.000000e+00
478 -3.000000e+02 0.000000e+00
479 -3.000000e+02 0.000000e+00
480 -3.000000e+02 0.000000e+00
481 -3.000000e+02 0.000000e+00
482 -3.000000e+02 0.000000e+00
483 -3.000000e+02 0.000000e+00
484 -3.000000e+02 0.000000e+00
485 -3.000000e+02 0.000000e+00
486 -3.000000e+02 0.000000e+00
487 -3.000000e+02 0.000000e+00
488 -3.000000e+02 0.000000e+00
489 -3.000000e+02 0.000000e+00
490 -3.000000e+02 0.000000e+00
491 -3.000000e+02 0.000000e+00
492 -3.000000e+02 0.000000e+00
493 -3.000000e+02 0.000000e+00
494 -3.000000e+02 0.000000e+00
495 -3.000000e+02 0.000000e+00
496 -3.000000e+02 0.000000e+00
497 -3.000000e+02 0.000000e+00
498 -3.000000e+02 0.000000e+00
499 -3.000000e+02 0.000000e+00
500 -3.000000e+02 0.000000e+00
501 -3.000000e+02 0.000000e+00
502 -3.000000e+02 0.000000e+00
503 -3.000000e+02 0.000000e+00
504 -3.000000e+02 0.000000e+00
505 -3.000000e+02 0.000000e+00
506 -3.000000e+02 0.000000e+00
507 -3.000000e+02 0.000000e+00
508 -3.000000e+02 0.000000e+00
509 -3.000000e+02 0.000000e+00
510 -3.000000e+02 0.000000e+00
511 -3.000000e+02 0.000000e+00
512 -3.000000e+02 0.000000e+00
513 -3.000000e+02 0.000000e+00
514 -3.000000e+02 0.000000e+00
515 -3.000000e+02 0.000000e+00
516 -3.000000e+02 0.000000e+00
517 -3.000000e+02 0.000000e+00
518 -3.000000e+02 0.000000e+00
519 -3.000000e+02 0.000000e+00
520 -3.000000e+02 0.000000e+00
521 -3.000000e+02 0.000000e+00
522 -3.000000e+02 0.000000e+00
523 -3.000000e+02 0.000000e+00
524 -3.000000e+02 0.000000e+00
525 -3.000000e+02 0.000000e+00
526 -3.000000e+02 0.000000e+00
527 -3.000000e+02 0.000000e+00
528 -3.000000e+02 0.000000e+00
529 -3.000000e+02 0.000000e+00
530 -3.000000e+02 0.000000e+00
531 -3.000000e+02 0.000000e+00
532 -3.000000e+02 0.000000e+00
533 -3.000000e+02 0.000000e+00
534 -3.000000e+02 0.000000e+00
535 -3.000000e+02 0.000000e+00
536 -3.000000e+02 0.000000e+00
537 -3.000000e+02 0.000000e+00
538 -3.000000e+02 0.000000e+00
539 -3.000000e+02 0.000000e+00
540 -3.000000e+02 0.000000e+00
541 -3.000000e+02 0.000000e+00
542 -3.000000e+02 0.000000e+00
543 -3.000000e+02 0.000000e+00
544 -3.000000e+02 0.000000e+00
545 -3.000000e+02 0.000000e+00
546 -3.000000e+02 0.000000e+00
547 -3.000000e+02 0.000000e+00
548 -3.000000e+02 0.000000e+00
549 -3.000000e+02 0.000000e+00
550 -3.000000e+02 0.000000e+00
551 -3.000000e+02 0.000000e+00
552 -3.000000e+02 0.000000e+00
553 -3.000000e+02 0.000000e+00
554 -3.000000e+02 0.000000e+00
555 -3.000000e+02 0.000000e+00
556 -3.000000e+02 0.000000e+00
557 -3.000000e+02 0.000000e+00
558 -3.000000e+02 0.000000e+00
559 -3.000000e+02 0.000000e+00
560 -3.000000e+02 0.000000e+00
561 -3.000000e+02 0.000000e+00
562 -3.000000e+02 0.000000e+00
563 -3.000000e+02 0.000000e+00
564 -3.000000e+02 0.000000e+00
565 -3.000000e+02 0.000000e+00
566 -3.000000e+02 0.000000e+00
567 -3.000000e+02 0.000000e+00
568 -3.000000e+02 0.000000e+00
569 -3.000000e+02 0.000000e+00
570 -3.000000e+02 0.000000e+00
571 -3.000000e+02 0.000000e+00
572 -3.000000e+02 0.000000e+00
573 -3.000000e+02 0.000000e+00
574 -3.000000e+02 0.000000e+00
575 -3.000000e+02 0.000000e+00
576 -3.000000e+02 0.000000e+00
577 -3.000000e+02 0.000000e+00
578 -3.000000e+02 0.000000e+00
579 -3.000000e+02 0.000000e+00
580 -3.000000e+02 0.000000e+00
581 -3.000000e+02 0.000000e+00
582 -3.000000e+02 0.000000e+00
583 -3.000000e+02 0.000000e+00
584 -3.000000e+02 0.000000e+00
585 -3.000000e+02 0.000000e+00
586 -3.000000e+02 0.000000e+00
587 -3.000000e+02 0.000000e+00
588 -3.000000e+02 0.000000e+00
589 -3.000000e+02 0.000000e+00
590 -3.000000e+02 0.000000e+00
591 -3.000000e+02 0.000000e+00
592 -3.000000e+02 0.000000e+00
593 -3.000000e+02 0.000000e+00
594 -3.000000e+02 0.000000e+00
595 -3.000000e+02 0.000000e+00
596 -3.000000e+02 0.000000e+00
597 -3.000000e+02 0.000000e+00
598 -3.000000e+02 0.000000e+00
599 -3.000000e+02 0.000000e+00
600 -3.000000e+02 0.000000e+00
601 -3.000000e+02 0.000000e+00
602 -3.000000e+02 0.000000e+00
603 -3.000000e+02 0.000000e+00
604 -3.000000e+02 0.000000e+00
605 -3.000000e+02 0.000000e+00
606 -3.000000e+02 0.000000e+00
607 -3.000000e+02 0.000000e+00
608 -3.000000e+02 0.000000e+00
609 -3.000000e+02 0.000000e+00
610 -3.000000e+02 0.000000e+00
611 -3.000000e+02 0.000000e+00
612 -3.000000e+02 0.000000e+00
613 -3.000000e+02 0.000000e+00
614 -3.000000e+02 0.000000e+00
615 -3.000000e+02 0.000000e+00
616 -3.000000e+02 0.000000e+00
617 -3.000000e+02 0.000000e+00
618 -3.000000e+02 0.000000e+00
619 -3.000000e+02 0.000000e+00
620 -3.000000e+02 0.000000e+00
621 -3.000000e+02 0.000000e+00
622 -3.000000e+02 0.000000e+00
623 -3.000000e+02 0.000000e+00
624 -3.000000e+02 0.000000e+00
625 -3.000000e+02 0.000000e+00
626 -3.000000e+02 0.000000e+00
627 -3.000000e+02 0.000000e+00
628 -3.000000e+02 0.000000e+00
629 -3.000000e+02 0.000000e+00
630 -3.000000e+02 0.000000e+00
631 -3.000000e+02 0.000000e+00
632 -3.000000e+02 0.000000e+00
633 -3.000000e+02 0.000000e+00
634 -3.000000e+02 0.000000e+00
635 -3.000000e+02 0.000000e+00
636 -3.000000e+02 0.000000e+00
637 -3.000000e+02 0.000000e+00
638 -3.000000e+02 0.000000e+00
639 -3.000000e+02 0.000000e+00
640 -3.000000e+02 0.000000e+00
641 -3.000000e+02 0.000000e+00
642 -3.000000e+02 0.000000e+00
643 -3.000000e+02 0.000000e+00
644 -3.000000e+02 0.000000e+00
645 -3.000000e+02 0.000000e+00
646 -3.000000e+02 0.000000e+00
647 -3.000000e+02 0.000000e+00
648 -3.000000e+02 0.000000e+00
649 -3.000000e+02 0.000000e+00
650 -3.000000e+02 0.000000e+00
651 -3.000000e+02 0.000000e+00
652 -3.000000e+02 0.000000e+00
653 -3.000000e+02 0.000000e+00
654 -3.000000e+02 0.000000e+00
655 -3.000000e+02 0.000000e+00
656 -3.000000e+02 0.000000e+00
657 -3.000000e+02 0.000000e+00
658 -3.000000e+02 0.000000e+00
659 -3.000000e+02 0.000000e+00
660 -3.000000e+02 0.000000e+00
661 -3.000000e+02 0.000000e+00
662 -3.000000e+02 0.000000e+00
663 -3.000000e+02 0.000000e+00
664 -3.000000e+02 0.000000e+00
665 -3.000000e+02 0.000000e+00
666 -3.000000e+02 0.000000e+00
667 -3.000000e+02 0.000000e+00
668 -3.000000e+02 0.000000e+00
669 -3.000000e+02 0.000000e+00
670 -3.000000e+02 0.000000e+00
671 -3.000000e+02 0.000000e+00
672 -3.000000e+02 0.000000e+00
673 -3.000000e+02 0.000000e+00
674 -3.000000e+02 0.000000e+00
675 -3.000000e+02 0.000000e+00
676 -3.000000e+02 0.000000e+00
677 -3.000000e+02 0.000000e+00
678 -3.000000e+02 0.000000e+00
679 -3.000000e+02 0.000000e+00
680 -3.000000e+02 0.000000e+00
681 -3.000000e+02 0.000000e+00
682 -3.000000e+02 0.000000e+00
683 -3.000000e+02 0.000000e+00
684 -3.000000e+02 0.000000e+00
685 -3.000000e+02 0.000000e+00
686 -3.000000e+02 0.000000e+00
687 -3.000000e+02 0.000000e+00
688 -3.000000e+02 0.000000e+00
689 -3.000000e+02 0.000000e+00
690 -3.000000e+02 0.000000e+00
691 -3.000000e+02 0.000000e+00
692 -3.000000e+02 0.000000e+00
693 -3.000000e+02 0.000000e+00
694 -3.000000e+02 0.000000e+00
695 -3.000000e+02 0.000000e+00
696 -3.000000e+02 0.000000e+00
697 -3.000000e+02 0.000000e+00
698 -3.000000e+02 0.000000e+00
699 -3.000000e+02 0.000000e+00
700 -3.000000e+02 0.000000e+00
701 -3.000000e+02 0.000000e+00
702 -3.000000e+02 0.000000e+00
703 -3.000000e+02 0.000000e+00
704 -3.000000e+02 0.000000e+00
705 -3.000000e+02 0.000000e+00
706 -3.000000e+02 0.000000e+00
707 -3.000000e+02 0.000000e+00
708 -3.000000e+02 0.000000e+00
709 -3.000000e+02 0.000000e+00
710 -3.000000e+02 0.000000e+00
711 -3.000000e+02 0.000000e+00
712 -3.000000e+02 0.000000e+00
713 -3.000000e+02 0.000000e+00
714 -3.000000e+02 0.000000e+00
715 -3.000000e+02 0.000000e+00
716 -3.000000e+02 0.000000e+00
717 -3.000000e+02 0.000000e+00
718 -3.000000e+02 0.000000e+00
719 -3.000000e+02 0.000000e+00
720 -3.000000e+02 0.000000e+00
721 -3.000000e+02 0.000000e+00
722 -3.000000e+02 0.000000e+00
723 -3.000000e+02 0.000000e+00
724 -3.000000e+02 0.000000e+00
725 -3.000000e+02 0.000000e+00
726 -3.000000e+02 0.000000e+00
727 -3.000000e+02 0.000000e+00
728 -3.000000e+02 0.000000e+00
729 -3.000000e+02 0.000000e+00
730 -3.000000e+02 0.000000e+00
731 -3.000000e+02 0.000000e+00
732 -3.000000e+02 0.000000e+00
733 -3.000000e+02 0.000000e+00
734 -3.000000e+02 0.000000e+00
735 -3.000000e+02 0.000000e+00
736 -3.000000e+02 0.000000e+00
737 -3.000000e+02 0.000000e+00
738 -3.000000e+02 0.000000e+00
739 -3.000000e+02 0.000000e+00
740 -3.000000e+02 0.000000e+00
741 -3.000000e+02 0.000000e+00
742 -3.000000e+02 0.000000e+00
743 -3.000000e+02 0.000000e+00
744 -3.000000e+02 0.000000e+00
745 -3.000000e+02 0.000000e+00
746 -3.000000e+02 0.000000e+00
747 -3.000000e+02 0.000000e+00
748 -3.000000e+02 0.000000e+00
749 -3.000000e+02 0.000000e+00
750 -3.000000e+02 0.000000e+00
751 -3.000000e+02 0.000000e+00
752 -3.000000e+02 0.000000e+00
753 -3.000000e+02 0.000000e+00
754 -3.000000e+02 0.000000e+00
755 -3.000000e+02 0.000000e+00
756 -3.000000e+02 0.000000e+00
757 -3.000000e+02 0.000000e+00
758 -3.000000e+02 0.000000e+00
759 -3.000000e+02 0.000000e+00
760 -3.000000e+02 0.000000e+00
761 -3.000000e+02 0.000000e+00
762 -3.000000e+02 0.000000e+00
763 -3.000000e+02 0.000000e+00
764 -3.000000e+02 0.000000e+00
765 -3.000000e+02 0.000000e+00
766 -3.000000e+02 0.000000e+00
767 -3.000000e+02 0.000000e+00
768 -3.000000e+02 0.000000e+00
769 -3.000000e+02 0.000000e+00
770 -3.000000e+02 0.000000e+00
771 -3.000000e+02 0.000000e+00
772 -3.000000e+02 0.000000e+00
773 -3.000000e+02 0.000000e+00
774 -3.000000e+02 0.000000e+00
775 -3.000000e+02 0.000000e+00
776 -3.000000e+02 0.000000e+00
777 -3.000000e+02 0.000000e+00
778 -3.000000e+02 0.000000e+00
779 -3.000000e+02 0.000000e+00
780 -3.000000e+02 0.000000e+00
781 -3.000000e+02 0.000000e+00
782 -3.000000e+02 0.000000e+00
783 -3.000000e+02 0.000000e+00
784 -3.000000e+02 0.000000e+00
785 -3.000000e+02 0.000000e+00
786 -3.000000e+02 0.000000e+00
787 -3.000000e+02 0.000000e+00
788 -3.000000e+02 0.000000e+00
789 -3.000000e+02 0.000000e+00
790 -3.000000e+02 0.000000e+00
791 -3.000000e+02 0.000000e+00
792 -3.000000e+02 0.000000e+00
793 -3.000000e+02 0.000000e+00
794 -3.000000e+02 0.000000e+00
795 -3.000000e+02 0.000000e+00
796 -3.000000e+02 0.000000e+00
797 -3.000000e+02 0.000000e+00
798 -3.000000e+02 0.000000e+00
799 -3.000000e+02 0.000000e+00
800 -3.000000e+02 0.000000e+00
801 -3.000000e+02 0.000000e+00
802 -3.000000e+02 0.000000e+00
803 -3.000000e+02 0.000000e+00
804 -3.000000e+02 0.000000e+00
805 -3.000000e+02 0.000000e+00
806 -3.000000e+02 0.000000e+00
807 -3.000000e+02 0.000000e+00
808 -3.000000e+02 0.000000e+00
809 -3.000000e+02 0.000000e+00
810 -3.000000e+02 0.000000e+00
811 -3.000000e+02 0.000000e+00
812 -3.000000e+02 0.000000e+00
813 -3.000000e+02 0.000000e+00
814 -3.000000e+02 0.000000e+00
815 -3.000000e+02 0.000000e+00
816 -3.000000e+02 0.000000e+00
817 -3.000000e+02 0.000000e+00
818 -3.000000e+02 0.000000e+00
819 -3.000000e+02 0.000000e+00
820 -3.000000e+02 0.000000e+00
821 -3.000000e+02 0.000000e+00
822 -3.000000e+02 0.000000e+00
823 -3.000000e+02 0.000000e+00
824 -3.000000e+02 0.000000e+00
825 -3.000000e+02 0.000000e+00
826 -3.000000e+02 0.000000e+00
827 -3.000000e+02 0.000000e+00
828 -3.000000e+02 0.000000e+00
829 -3.000000e+02 0.000000e+00
830 -3.000000e+02 0.000000e+00
831 -3.000000e+02 0.000000e+00
832 -3.000000e+02 0.000000e+00
833 -3.000000e+02 0.000000e+00
834 -3.000000e+02 0.000000e+00
835 -3.000000e+02 0.000000e+00
836 -3.000000e+02 0.000000e+00
837 -3.000000e+02 0.000000e+00
838 -3.000000e+02 0.000000e+00
839 -3.000000e+02 0.000000e+00
840 -3.000000e+02 0.000000e+00
841 -3.000000e+02 0.000000e+00
842 -3.000000e+02 0.000000e+00
843 -3.000000e+02 0.000000e+00
844 -3.000000e+02 0.000000e+00
845 -3.000000e+02 0.000000e+00
846 -3.000000e+02 0.000000e+00
847 -3.000000e+02 0.000000e+00
848 -3.000000e+02 0.000000e+00
849 -3.000000e+02 0.000000e+00
850 -3.000000e+02 0.000000e+00
851 -3.000000e+02 0.000000e+00
852 -3.000000e+02 0.000000e+00
853 -3.000000e+02 0.000000e+00
854 -3.000000e+02 0.000000e+00
855 -3.000000e+02 0.000000e+00
856 -3.000000e+02 0.000000e+00
857 -3.000000e+02 0.000000e+00
858 -3.000000e+02 0.000000e+00
859 -3.000000e+02 0.000000e+00
860 -3.000000e+02 0.000000e+00
861 -3.000000e+02 0.000000e+00
862 -3.000000e+02 0.000000e+00
863 -3.000000e+02 0.000000e+00
864 -3.000000e+02 0.000000e+00
865 -3.000000e+02 0.000000e+00
866 -3.000000e+02 0.000000e+00
867 -3.000000e+02 0.000000e+00
868 -3.000000e+02 0.000000e+00
869 -3.000000e+02 0.000000e+00
870 -3.000000e+02 0.000000e+00
871 -3.000000e+02 0.000000e+00
872 -3.000000e+02 0.000000e+00
873 -3.000000e+02 0.000000e+00
874 -3.000000e+02 0.000000e+00
875 -3.000000e+02 0.000000e+00
876 -3.000000e+02 0.000000e+00
877 -3.000000e+02 0.000000e+00
878 -3.000000e+02 0.000000e+00
879 -3.000000e+02 0.000000e+00
880 -3.000000e+02 0.000000e+00
881 -3.000000e+02 0.000000e+00
882 -3.000000e+02 0.000000e+00
883 -3.000000e+02 0.000000e+00
884 -3.000000e+02 0.000000e+00
885 -3.000000e+02 0.000000e+00
886 -3.000000e+02 0.000000e+00
887 -3.000000e+02 0.000000e+00
888 -3.000000e+02 0.000000e+00
889 -3.000000e+02 0.000000e+00
890 -3.000000e+02 0.000000e+00
891 -3.000000e+02 0.000000e+00
892 -3.000000e+02 0.000000e+00
893 -3.000000e+02 0.000000e+00
894 -3.000000e+02 0.000000e+00
895 -3.000000e+02 0.000000e+00
896 -3.000000e+02 0.000000e+00
897 -3.000000e+02 0.000000e+00
898 -3.000000e+02 0.000000e+00
899 -3.000000e+02 0.000000e+00
900 -3.000000e+02 0.000000e+00
901 -3.000000e+02 0.000000e+00
902 -3.000000e+02 0.000000e+00
903 -3.000000e+02 0.000000e+00
904 -3.000000e+02 0.000000e+00
905 -3.000000e+02 0.000000e+00
906 -3.000000e+02 0.000000e+00
907 -3.000000e+02 0.000000e+00
908 -3.000000e+02 0.000000e+00
909 -3.000000e+02 0.000000e+00
910 -3.000000e+02 0.000000e+00
911 -3.000000e+02 0.000000e+00
912 -3.000000e+02 0.000000e+00
913 -3.000000e+02 0.000000e+00
914 -3.000000e+02 0.000000e+00
915 -3.000000e+02 0.000000e+00
916 -3.000000e+02 0.000000e+00
917 -3.000000e+02 0.000000e+00
918 -3.000000e+02 0.000000e+00
919 -3.000000e+02 0.000000e+00
920 -3.000000e+02 0.000000e+00
921 -3.000000e+02 0.000000e+00
922 -3.000000e+02 0.000000e+00
92