1.000000e+00 1.525147e+01
1.033333e+00 1.524021e+01
1.066667e+00 1.527745e+01
1.100000e+00 1.534547e+01
1.133333e+00 1.532851e+01
1.166667e+00 1.526498e+01
1.200000e+00 1.521902e+01
1.233333e+00 1.519814e+01
1.266667e+00 1.525452e+01
1.300000e+00 1.523452e+01
1.333333e+00 1.530656e+01
1.366667e+00 1.535510e+01
1.400000e+00 1.537348e+01
1.433333e+00 1.538506e+01
1.466667e+00 1.542139e+01
1.500000e+00 1.529119e+01
1.533333e+00 1.524469e+01
1.566667e+00 1.518245e+01
1.600000e+00 1.524738e+01
1.633333e+00 1.532499e+01
1.666667e+00 1.535338e+01
1.700000e+00 1.529264e+01
1.733333e+00 1.527958e+01
1.766667e+00 1.521461e+01
1.800000e+00 1.520204e+01
1.833333e+00 1.529634e+01
1.866667e+00 1.532827e+01
1.900000e+00 1.524093e+01
1.933333e+00 1.521241e+01
1.966667e+00 1.519372e+01
2.000000e+00 1.529787e+01
2.033333e+00 1.534920e+01
2.066667e+00 1.534907e+01
2.100000e+00 1.535690e+01
2.133333e+00 1.528452e+01
2.166667e+00 1.520956e+01
2.200000e+00 1.518752e+01
2.233333e+00 1.520054e+01
2.266667e+00 1.519472e+01
2.300000e+00 1.526491e+01
2.333333e+00 1.530076e+01
2.366667e+00 1.525576e+01
2.400000e+00 1.521135e+01
2.433333e+00 1.516747e+01
2.466667e+00 1.516001e+01
2.500000e+00 1.521243e+01
2.533333e+00 1.528727e+01
2.566667e+00 1.529897e+01
2.600000e+00 1.528650e+01
2.633333e+00 1.524346e+01
2.666667e+00 1.519706e+01
2.700000e+00 1.520953e+01
2.733333e+00 1.520397e+01
2.766667e+00 1.526429e+01
2.800000e+00 1.526086e+01
2.833333e+00 1.524460e+01
2.866667e+00 1.517012e+01
2.900000e+00 1.515170e+01
2.933333e+00 1.523002e+01
2.966667e+00 1.522894e+01
3.000000e+00 1.526354e+01
3.033333e+00 1.523500e+01
3.066667e+00 1.523355e+01
3.100000e+00 1.521317e+01
3.133333e+00 1.527667e+01
3.166667e+00 1.522741e+01
3.200000e+00 1.528060e+01
3.233333e+00 1.526615e+01
3.266667e+00 1.523198e+01
3.300000e+00 1.518073e+01
3.333333e+00 1.518314e+01
3.366667e+00 1.524947e+01
3.400000e+00 1.521637e+01
3.433333e+00 1.522487e+01
3.466667e+00 1.516987e+01
3.500000e+00 1.515667e+01
3.533333e+00 1.518859e+01
3.566667e+00 1.522226e+01
3.600000e+00 1.518066e+01
3.633333e+00 1.517686e+01
3.666667e+00 1.514675e+01
3.700000e+00 1.516482e+01
3.733333e+00 1.527280e+01
3.766667e+00 1.521558e+01
3.800000e+00 1.515519e+01
3.833333e+00 1.514152e+01
3.866667e+00 1.513318e+01
3.900000e+00 1.521244e+01
3.933333e+00 1.528908e+01
3.966667e+00 1.525392e+01
4.000000e+00 1.518907e+01
4.033333e+00 1.516368e+01
4.066667e+00 1.519259e+01
4.100000e+00 1.515216e+01
4.133333e+00 1.521966e+01
4.166667e+00 1.526557e+01
4.200000e+00 1.525271e+01
4.233333e+00 1.525230e+01
4.266667e+00 1.519350e+01
4.300000e+00 1.518259e+01
4.333333e+00 1.522220e+01
4.366667e+00 1.524733e+01
4.400000e+00 1.522716e+01
4.433333e+00 1.521394e+01
4.466667e+00 1.516367e+01
4.500000e+00 1.513371e+01
4.533333e+00 1.518445e+01
4.566667e+00 1.527032e+01
4.600000e+00 1.529301e+01
4.633333e+00 1.528209e+01
4.666667e+00 1.523349e+01
4.700000e+00 1.518587e+01
4.733333e+00 1.514414e+01
4.766667e+00 1.515172e+01
4.800000e+00 1.514666e+01
4.833333e+00 1.517927e+01
4.866667e+00 1.523796e+01
4.900000e+00 1.524142e+01
4.933333e+00 1.515678e+01
4.966667e+00 1.511730e+01
5.000000e+00 1.520019e+01
5.033333e+00 1.955667e+01
5.066667e+00 6.200190e+00
5.100000e+00 6.200190e+00
5.133333e+00 2.089527e+01
5.166667e+00 2.042958e+01
5.200000e+00 2.006797e+01
5.233333e+00 1.992535e+01
5.266667e+00 1.912027e+01
5.300000e+00 1.777350e+01
5.333333e+00 1.583458e+01
5.366667e+00 1.530252e+01
5.400000e+00 1.602061e+01
5.433333e+00 1.540224e+01
5.466667e+00 1.598392e+01
5.500000e+00 1.532355e+01
5.533333e+00 1.514616e+01
5.566667e+00 1.523321e+01
5.600000e+00 1.514436e+01
5.633333e+00 1.505389e+01
5.666667e+00 1.521239e+01
5.700000e+00 1.531006e+01
5.733333e+00 1.527280e+01
5.766667e+00 1.518881e+01
5.800000e+00 1.534919e+01
5.833333e+00 1.544607e+01
5.866667e+00 1.529517e+01
5.900000e+00 1.520928e+01
5.933333e+00 1.524831e+01
5.966667e+00 1.528432e+01
6.000000e+00 1.531031e+01
6.033333e+00 1.532086e+01
6.066667e+00 1.534303e+01
6.100000e+00 1.528156e+01
6.133333e+00 1.517688e+01
6.166667e+00 1.524206e+01
6.200000e+00 1.531409e+01
6.233333e+00 1.546822e+01
6.266667e+00 1.540902e+01
6.300000e+00 1.533537e+01
6.333333e+00 1.523413e+01
6.366667e+00 1.529845e+01
6.400000e+00 1.529632e+01
6.433333e+00 1.534625e+01
6.466667e+00 1.533919e+01
6.500000e+00 1.527586e+01
6.533333e+00 1.530308e+01
6.566667e+00 1.526006e+01
6.600000e+00 1.524193e+01
6.633333e+00 1.522307e+01
6.666667e+00 1.526906e+01
6.700000e+00 1.535647e+01
6.733333e+00 1.539672e+01
6.766667e+00 1.541455e+01
6.800000e+00 1.528408e+01
6.833333e+00 1.526447e+01
6.866667e+00 1.518368e+01
6.900000e+00 1.524582e+01
6.933333e+00 1.532330e+01
6.966667e+00 1.535211e+01
7.000000e+00 1.529340e+01
7.033333e+00 1.532866e+01
7.066667e+00 1.529837e+01
7.100000e+00 1.531877e+01
7.133333e+00 1.532065e+01
7.166667e+00 1.526254e+01
7.200000e+00 1.520322e+01
7.233333e+00 1.526884e+01
7.266667e+00 1.533166e+01
7.300000e+00 1.533181e+01
7.333333e+00 1.531876e+01
7.366667e+00 1.532628e+01
7.400000e+00 1.527352e+01
7.433333e+00 1.517667e+01
7.466667e+00 1.518798e+01
7.500000e+00 1.526698e+01
7.533333e+00 1.532982e+01
7.566667e+00 1.538913e+01
7.600000e+00 1.537891e+01
7.633333e+00 1.523474e+01
7.666667e+00 1.519338e+01
7.700000e+00 1.517409e+01
7.733333e+00 1.520938e+01
7.766667e+00 1.525511e+01
7.800000e+00 1.526993e+01
7.833333e+00 1.528279e+01
7.866667e+00 1.529900e+01
7.900000e+00 1.523556e+01
7.933333e+00 1.520925e+01
7.966667e+00 1.524751e+01
8.000000e+00 1.517573e+01
8.033333e+00 1.521839e+01
8.066667e+00 1.527893e+01
8.100000e+00 1.523812e+01
8.133333e+00 1.519261e+01
8.166667e+00 1.516606e+01
8.200000e+00 1.523062e+01
8.233333e+00 1.534312e+01
8.266667e+00 1.534153e+01
8.300000e+00 1.530275e+01
8.333333e+00 1.523061e+01
8.366667e+00 1.513613e+01
8.400000e+00 1.513324e+01
8.433333e+00 1.514540e+01
8.466667e+00 1.522172e+01
8.500000e+00 1.531724e+01
8.533333e+00 1.530635e+01
8.566667e+00 1.530224e+01
8.600000e+00 1.526193e+01
8.633333e+00 1.523256e+01
8.666667e+00 1.521934e+01
8.700000e+00 1.516850e+01
8.733333e+00 1.520337e+01
8.766667e+00 1.519561e+01
8.800000e+00 1.521665e+01
8.833333e+00 1.531206e+01
8.866667e+00 1.525662e+01
8.900000e+00 1.527879e+01
8.933333e+00 1.528939e+01
8.966667e+00 1.521120e+01
9.000000e+00 1.518039e+01
9.033333e+00 1.512934e+01
9.066667e+00 1.515419e+01
9.100000e+00 1.518366e+01
9.133333e+00 1.518272e+01
9.166667e+00 1.520857e+01
9.200000e+00 1.517585e+01
9.233333e+00 1.516943e+01
9.266667e+00 1.516520e+01
9.300000e+00 1.515604e+01
9.333333e+00 1.521083e+01
9.366667e+00 1.522578e+01
9.400000e+00 1.517569e+01
9.433333e+00 1.521964e+01
9.466667e+00 1.517128e+01
9.500000e+00 1.514160e+01
9.533333e+00 1.517319e+01
9.566667e+00 1.524414e+01
9.600000e+00 1.535013e+01
9.633333e+00 1.533445e+01
9.666667e+00 1.527860e+01
9.700000e+00 1.519960e+01
9.733333e+00 1.509647e+01
9.766667e+00 1.509265e+01
9.800000e+00 1.513537e+01
9.833333e+00 1.518370e+01
9.866667e+00 1.522675e+01
9.900000e+00 1.530117e+01
9.933333e+00 1.521083e+01
9.966667e+00 1.520343e+01
