5.964975e+00 2.176542e+00 5.977162e+00 -9.638962e-06 -8.281276e-05 -9.042467e-05 -3.077141e-04 -1.954344e-04 3.213824e-04 4.790500e-01 0.0 0
5.442242e+00 6.441907e-01 6.675869e-01 5.622926e-05 -9.047120e-06 -3.753902e-05 -7.614128e-05 -1.339112e-04 -1.002161e-04 4.942000e-01 0.0 0
5.720177e+00 6.288995e-01 2.317994e+00 -1.397467e-05 -2.469873e-05 -4.152253e-05 -6.045260e-05 4.096440e-04 -2.444546e-06 4.789000e-01 0.0 0
5.574779e+00 6.022411e-01 3.593922e+00 9.208773e-05 3.328801e-06 9.653505e-05 2.067730e-04 -3.306062e-04 -2.013824e-04 4.522500e-01 0.0 0
5.593268e+00 1.245646e+00 5.329836e+00 -2.000341e-05 -4.329007e-05 -6.186551e-05 1.772487e-04 -2.564271e-04 2.365910e-04 4.687000e-01 0.0 0
3.225393e-01 6.059978e-01 2.903727e-01 2.438522e-05 -4.528183e-06 1.411912e-05 1.357793e-05 1.274497e-05 -7.565211e-05 4.560000e-01 0.0 0
6.470139e-01 6.075456e-01 1.685307e+00 -8.979164e-05 4.727589e-06 4.535471e-05 9.587008e-05 -3.750840e-05 1.573006e-04 4.575500e-01 0.0 0
7.629858e-01 6.140485e-01 3.484681e+00 5.283150e-05 -1.315604e-05 1.396939e-05 1.003757e-05 -1.919300e-04 -1.245313e-04 4.640500e-01 0.0 0
5.388861e-01 6.269999e-01 4.393445e+00 2.543180e-05 -8.877458e-07 1.088879e-06 1.628254e-05 1.230054e-04 -6.619844e-05 4.770000e-01 0.0 0
3.286968e-01 6.454908e-01 5.339709e+00 2.757144e-05 9.201578e-06 7.228869e-06 3.825673e-05 -1.056873e-04 -7.726969e-05 4.955000e-01 0.0 0
2.013910e+00 6.000501e-01 1.795600e-01 5.692467e-05 1.358623e-05 -6.177326e-07 -5.360145e-05 9.704196e-05 -8.792915e-05 4.500500e-01 0.0 0
2.013510e+00 6.322497e-01 1.111282e+00 -1.390124e-05 -3.241703e-05 5.707041e-05 -1.564412e-05 -9.205697e-05 -3.923825e-05 4.822500e-01 0.0 0
1.787952e+00 6.435656e-01 2.485429e+00 1.700330e-05 4.297146e-06 1.650951e-05 2.029247e-05 -8.318299e-06 -5.624849e-05 4.936000e-01 0.0 0
2.366407e+00 6.400834e-01 3.893333e+00 -1.145131e-05 -2.329348e-06 -7.087435e-05 -1.589334e-04 4.841315e-04 2.048670e-05 4.901000e-01 0.0 0
1.968134e+00 6.210969e-01 5.259764e+00 5.554231e-05 4.538645e-06 1.114654e-04 2.509778e-04 -2.400789e-04 -1.010115e-04 4.711000e-01 0.0 0
3.656105e+00 6.239950e-01 2.835892e-01 -1.107636e-05 -3.687238e-05 -1.818797e-04 -2.795267e-04 4.682915e-04 3.179159e-04 4.740000e-01 0.0 0
3.390466e+00 6.406963e-01 1.501682e+00 -3.817405e-05 -5.599258e-05 -1.617748e-04 -2.900670e-04 2.758979e-04 8.213581e-05 4.907000e-01 0.0 0
3.459431e+00 6.358022e-01 2.545478e+00 -2.182174e-05 3.068841e-05 -1.206183e-04 -2.601208e-04 1.593748e-04 6.454784e-05 4.858000e-01 0.0 0
3.509792e+00 6.057527e-01 4.200898e+00 -1.158558e-04 3.708078e-05 6.185566e-05 1.159507e-04 8.149251e-04 2.083217e-04 4.557500e-01 0.0 0
3.607431e+00 6.462523e-01 5.266451e+00 3.922230e-05 -1.275601e-05 -1.973987e-04 -3.673054e-04 1.457582e-04 -1.743214e-04 4.962500e-01 0.0 0
4.998568e+00 6.492424e-01 5.796892e+00 -1.862213e-05 3.173968e-06 5.523771e-07 1.833126e-05 3.564449e-04 4.020309e-05 4.992500e-01 0.0 0
4.877301e+00 6.027468e-01 1.424914e+00 1.389624e-05 -1.219473e-05 -2.726955e-05 -6.251825e-05 -3.115496e-04 -3.428311e-05 4.527500e-01 0.0 0
4.714583e+00 6.210948e-01 2.339832e+00 -9.550447e-05 -3.345983e-06 7.115107e-06 2.027604e-06 5.852738e-05 1.941798e-04 4.711000e-01 0.0 0
4.474129e+00 6.468972e-01 3.737529e+00 1.454783e-05 -3.474861e-06 2.777767e-04 5.529894e-04 8.269841e-04 -1.835323e-05 4.969000e-01 0.0 0
4.891645e+00 6.380509e-01 4.815479e+00 -5.539919e-05 -4.941622e-06 9.743594e-07 3.640772e-05 -3.942541e-04 7.202737e-05 4.880500e-01 0.0 0
1.484505e-02 1.442544e+00 6.075830e-01 2.323233e-05 1.213411e-05 -1.654525e-06 7.102882e-06 -1.344308e-04 1.955130e-04 4.901000e-01 0.0 0
5.861756e+00 1.014401e+00 1.457958e+00 -9.775830e-05 -2.841578e-05 1.505796e-05 5.545736e-05 -1.155806e-04 -4.336225e-05 4.741500e-01 0.0 0
1.773564e-01 1.129232e+00 2.976168e+00 5.272614e-05 -7.314677e-05 -5.057965e-05 3.552132e-04 -2.297587e-05 2.633260e-04 4.765000e-01 0.0 0
5.672891e+00 9.418839e-01 4.417883e+00 1.808447e-05 -2.578419e-05 1.211287e-04 -1.758961e-04 1.313982e-04 9.038802e-05 4.535500e-01 0.0 0
6.113862e-01 1.511529e+00 5.689871e+00 1.130436e-04 -5.077036e-05 7.624847e-05 4.926321e-05 -5.388660e-05 -1.483056e-04 4.921000e-01 0.0 0
1.149686e+00 6.266522e-01 5.859973e+00 3.101012e-05 -1.590584e-05 4.668531e-05 -8.378709e-05 5.291204e-05 8.809690e-05 4.766500e-01 0.0 0
1.088913e+00 6.228955e-01 8.731193e-01 -2.064699e-05 1.724898e-05 7.405175e-05 1.321548e-04 -8.239656e-05 -2.122190e-05 4.729000e-01 0.0 0
8.475986e-01 6.026399e-01 2.573123e+00 8.777747e-06 -4.669234e-06 1.454452e-05 5.577016e-05 2.599322e-04 -1.561107e-05 4.526500e-01 0.0 0
1.448604e+00 6.125456e-01 4.109962e+00 9.559688e-06 -3.096893e-06 5.729155e-05 1.250164e-04 -2.007029e-04 -4.932966e-05 4.625500e-01 0.0 0
1.160680e+00 1.004027e+00 5.002790e+00 6.121152e-05 -5.191382e-05 -9.197798e-08 2.609437e-05 -4.801506e-05 4.612816e-05 4.717500e-01 0.0 0
2.814610e+00 9.284158e-01 6.526826e-01 1.508608e-05 -1.115695e-04 6.341143e-05 -9.863479e-05 1.767916e-04 -4.976163e-05 4.940000e-01 0.0 0
2.521296e+00 6.097714e-01 1.899200e+00 3.382621e-05 -6.797282e-05 3.429747e-05 1.059973e-04 -1.998582e-05 -1.243363e-04 4.597500e-01 0.0 0
2.597813e+00 6.043469e-01 2.978028e+00 4.394029e-05 -1.692144e-05 1.473819e-05 2.913718e-05 -5.441860e-05 -8.984902e-05 4.543500e-01 0.0 0
2.781912e+00 6.055519e-01 4.798134e+00 -5.559307e-05 -2.752955e-05 2.139121e-05 1.272410e-05 9.973738e-04 1.180848e-04 4.555500e-01 0.0 0
2.779807e+00 7.712070e-01 5.705224e+00 1.334659e-04 -4.316102e-04 1.128075e-04 3.030493e-04 -6.331125e-05 -5.317819e-04 4.669500e-01 0.0 0
4.210052e+00 1.195339e+00 5.792964e+00 -1.116226e-05 2.874380e-06 -1.484952e-04 -2.053176e-05 -5.989684e-04 -1.015135e-04 4.742500e-01 0.0 0
4.111461e+00 9.704560e-01 1.030324e+00 1.282178e-05 -1.467398e-04 -1.486747e-04 3.605947e-04 -2.200469e-04 -4.621725e-04 4.874000e-01 0.0 0
4.007320e+00 1.166952e+00 1.982002e+00 5.472586e-05 -8.043739e-05 -1.501292e-04 2.257752e-05 -2.421967e-04 -1.808471e-04 4.913000e-01 0.0 0
3.625884e+00 1.001181e+00 3.426073e+00 3.499034e-05 -2.262470e-04 -5.153820e-05 -4.566543e-04 -6.337372e-04 -7.750428e-04 4.819500e-01 0.0 0
4.091547e+00 1.133072e+00 4.593894e+00 8.651974e-05 -1.841058e-06 -1.666843e-04 9.131928e-05 5.353960e-05 -9.445159e-06 4.785000e-01 0.0 0
4.833905e+00 1.375137e+00 5.080622e-01 -8.939341e-06 -9.850033e-05 -1.783619e-04 -2.602223e-04 2.583311e-04 4.426400e-04 4.916000e-01 0.0 0
5.106469e+00 1.349059e+00 1.909284e+00 -1.959879e-05 -3.355145e-05 -1.721845e-06 -1.077394e-04 -2.014853e-04 -2.822338e-04 4.660000e-01 0.0 0
5.216644e+00 1.169778e+00 2.941451e+00 6.020620e-06 -1.026787e-04 4.357550e-05 -2.395128e-04 1.740513e-04 5.801647e-04 4.974000e-01 0.0 0
5.263585e+00 1.509247e+00 3.834089e+00 -1.048489e-05 -8.992407e-05 7.883720e-05 -5.106193e-05 8.941353e-06 -3.171278e-04 4.650000e-01 0.0 0
5.067907e+00 1.953737e+00 5.697876e+00 -5.777361e-05 -1.371719e-04 9.586176e-05 6.434747e-04 -3.378195e-04 -3.411658e-04 4.875500e-01 0.0 0
6.932350e-01 2.094823e+00 6.414311e-01 5.929498e-05 -6.623173e-05 -4.892747e-05 -8.004231e-05 -5.863523e-05 -2.610522e-05 4.516500e-01 0.0 0
5.610723e+00 1.940264e+00 1.350408e+00 -3.041613e-05 -3.080794e-05 8.036046e-06 -1.432870e-05 1.970359e-04 2.540575e-06 4.911500e-01 0.0 0
5.901840e+00 1.733899e+00 2.272725e+00 -2.225545e-05 -5.170939e-05 4.155001e-05 1.082942e-05 3.240056e-05 1.631616e-04 4.908500e-01 0.0 0
5.576077e+00 2.053047e+00 3.132446e+00 -2.442466e-05 -9.198061e-05 6.286686e-05 2.277375e-04 -4.070645e-05 -4.248869e-04 4.828000e-01 0.0 0
5.895448e+00 1.816632e+00 4.662760e+00 1.250372e-04 -9.297833e-06 3.068190e-05 1.885352e-05 4.914157e-05 -3.235569e-04 4.817000e-01 0.0 0
1.298319e+00 1.423288e+00 3.838192e-01 1.269885e-04 -2.407975e-05 1.961810e-05 -2.009325e-04 5.694661e-05 -1.221683e-04 4.883000e-01 0.0 0
1.443206e+00 1.082505e+00 1.704649e+00 -4.118579e-05 -5.400406e-05 2.020130e-05 -8.788944e-05 7.942165e-05 -2.307626e-05 4.698500e-01 0.0 0
1.553679e+00 1.041894e+00 3.304403e+00 7.083729e-05 -2.371131e-05 4.493713e-05 -9.884909e-06 1.396771e-04 1.004316e-04 4.563500e-01 0.0 0
9.941269e-01 1.408401e+00 4.168000e+00 2.305713e-05 3.125557e-06 2.801648e-05 5.466658e-06 -1.184030e-04 -9.680431e-06 4.560500e-01 0.0 0
1.531993e+00 1.753231e+00 5.466045e+00 8.485105e-05 -5.108292e-05 -2.730757e-05 5.294790e-05 3.133573e-04 8.794323e-05 4.878500e-01 0.0 0
2.239221e+00 1.519273e+00 9.792801e-02 1.413430e-04 2.912328e-05 -5.440005e-05 -1.216634e-04 -1.712883e-04 -8.507373e-05 4.999000e-01 0.0 0
2.217972e+00 1.539871e+00 1.387093e+00 -4.803685e-05 9.097050e-06 7.863358e-05 1.985189e-04 -1.534630e-04 1.050517e-04 4.881500e-01 0.0 0
2.119893e+00 1.553371e+00 2.657873e+00 4.475992e-06 -6.115671e-05 2.907073e-04 3.557825e-04 -5.553704e-04 -4.690237e-06 4.901000e-01 0.0 0
2.203936e+00 1.576242e+00 3.678634e+00 -3.141930e-06 2.490249e-05 1.094533e-04 4.617634e-04 -2.611120e-04 -3.019033e-05 4.840000e-01 0.0 0
2.413597e+00 1.401097e+00 5.046534e+00 6.447507e-05 8.441910e-06 1.430124e-04 -2.932023e-04 1.539989e-04 9.490074e-05 4.556000e-01 0.0 0
3.551566e+00 1.545006e+00 5.028231e-01 -7.599767e-05 -2.242711e-05 -5.704063e-05 5.161813e-04 1.617551e-04 9.396174e-05 4.785000e-01 0.0 0
3.103113e+00 1.532194e+00 1.822692e+00 -7.153187e-05 -5.447576e-05 1.092450e-04 6.719337e-04 1.496723e-04 3.412004e-05 4.994500e-01 0.0 0
3.072080e+00 1.484816e+00 2.802488e+00 2.873040e-05 -5.762604e-05 8.690709e-05 2.700162e-04 9.340805e-04 1.902794e-04 4.821500e-01 0.0 0
2.930552e+00 1.319386e+00 4.238399e+00 -3.345882e-06 -3.098888e-05 -3.093862e-06 -1.032527e-04 -1.029730e-03 -2.345118e-04 4.641500e-01 0.0 0
3.344825e+00 1.515019e+00 5.578175e+00 -1.295360e-04 -4.663230e-05 -5.931197e-05 4.683111e-04 -2.352606e-04 6.378060e-04 4.718500e-01 0.0 0
4.262751e+00 2.042640e+00 1.717176e-01 -6.064192e-05 -3.786459e-05 3.354097e-05 2.264027e-04 1.468090e-04 -4.301655e-04 4.509000e-01 0.0 0
4.474160e+00 1.779854e+00 1.400186e+00 2.401921e-05 -1.475003e-04 -1.606744e-04 -3.347375e-04 1.289363e-05 2.622616e-04 4.741500e-01 0.0 0
4.554483e+00 1.749182e+00 2.535084e+00 -1.141886e-04 -2.309658e-04 5.907770e-05 4.042607e-04 -2.933224e-04 -2.779481e-05 4.804000e-01 0.0 0
4.423037e+00 1.562449e+00 3.429363e+00 -2.877451e-05 -7.587680e-05 1.080203e-04 -1.003754e-03 1.225130e-04 -2.402413e-04 4.707000e-01 0.0 0
4.930133e+00 1.621440e+00 4.732341e+00 1.066318e-04 -1.021629e-05 -6.132688e-05 -1.816439e-04 9.626363e-05 -3.042380e-04 4.996000e-01 0.0 0
6.840681e-01 1.446861e+00 1.295201e+00 -4.173717e-05 -1.384539e-05 2.999288e-05 -1.224118e-04 3.708758e-05 -2.405241e-04 4.694500e-01 0.0 0
7.967956e-01 1.459495e+00 2.259998e+00 -6.696789e-06 7.721459e-07 1.410224e-05 -7.851186e-05 4.688072e-05 -4.666604e-05 4.620500e-01 0.0 0
5.163439e-01 2.006685e+00 2.952107e+00 -4.954759e-05 -6.040717e-05 3.428464e-05 2.938543e-04 -1.642510e-04 2.106358e-05 4.644500e-01 0.0 0
1.797977e-01 1.640061e+00 3.755855e+00 -7.653108e-06 -1.519356e-04 1.267923e-05 -1.835825e-04 1.178131e-04 2.547299e-04 4.858500e-01 0.0 0
8.129757e-01 1.971447e+00 4.868027e+00 9.789580e-05 -6.938102e-05 1.011000e-04 1.549527e-04 2.646778e-04 -4.334548e-05 4.709500e-01 0.0 0
1.841550e+00 2.114964e+00 7.355034e-01 1.310691e-04 1.224606e-05 -3.810709e-05 -2.351879e-04 -3.871488e-04 -8.106104e-05 4.589500e-01 0.0 0
1.382300e+00 2.002220e+00 1.564702e+00 8.638883e-05 -7.198121e-05 -1.308203e-04 -2.542050e-04 2.809918e-05 -2.912135e-04 4.626000e-01 0.0 0
1.376030e+00 2.149621e+00 2.517793e+00 5.225724e-05 -4.792690e-05 -4.653950e-05 -2.223104e-04 -2.559377e-04 -1.882861e-04 4.755000e-01 0.0 0
1.327219e+00 1.955801e+00 3.471847e+00 -1.056370e-05 -6.681366e-05 -4.450798e-05 -2.718584e-04 8.486331e-05 1.675207e-04 4.999500e-01 0.0 0
1.759153e+00 1.813068e+00 4.512635e+00 3.539682e-05 -6.668183e-05 1.111741e-04 1.038515e-04 -3.113656e-05 -1.386522e-04 4.841000e-01 0.0 0
2.769184e+00 1.958773e+00 7.563071e-01 -4.408958e-05 1.141781e-05 8.006088e-05 -1.433408e-04 1.664510e-04 -1.717907e-04 4.527000e-01 0.0 0
2.440628e+00 2.196629e+00 2.038522e+00 -6.057707e-05 -1.210681e-04 1.760745e-04 9.652174e-06 2.341438e-04 -9.381050e-05 4.633000e-01 0.0 0
2.596581e+00 2.248604e+00 3.124568e+00 1.276123e-04 -1.531241e-05 1.536085e-04 -6.776162e-04 -7.022492e-05 -8.150941e-05 4.735000e-01 0.0 0
2.590714e+00 2.170330e+00 4.291855e+00 1.516235e-05 4.858866e-05 1.863208e-04 7.760142e-04 3.969995e-04 2.659751e-05 4.537000e-01 0.0 0
2.656527e+00 2.130927e+00 5.494008e+00 1.732008e-05 5.237384e-05 1.090464e-04 3.456223e-04 2.862538e-04 2.928831e-04 4.555500e-01 0.0 0
3.393796e+00 2.352101e+00 1.859234e-02 1.225965e-04 3.093336e-05 -1.445946e-04 -7.464932e-04 1.832831e-04 -8.689592e-04 4.758500e-01 0.0 0
3.608385e+00 2.157093e+00 1.250347e+00 -2.334345e-05 -1.565932e-04 6.493062e-05 -9.603808e-05 8.360073e-06 -2.766692e-04 4.893000e-01 0.0 0
3.296550e+00 2.295694e+00 2.373610e+00 1.526512e-05 -9.100420e-05 3.802490e-05 -8.062365e-04 3.958823e-05 -1.751891e-04 4.621500e-01 0.0 0
3.288029e+00 1.892875e+00 3.614056e+00 2.166645e-04 -8.392629e-05 6.838645e-05 -2.818040e-04 -8.231696e-06 3.561027e-04 4.706000e-01 0.0 0
3.421923e+00 1.947952e+00 4.737128e+00 -8.728091e-05 -6.739946e-05 9.128823e-05 1.583538e-04 6.908665e-04 4.424965e-05 4.769000e-01 0.0 0
4.939924e+00 2.283891e+00 7.660360e-01 1.336960e-04 -1.091079e-04 -1.236032e-04 3.148065e-04 2.004502e-05 -6.602661e-04 4.625500e-01 0.0 0
4.135275e+00 2.432271e+00 2.009980e+00 5.676028e-05 -2.332796e-04 7.256055e-05 -1.964459e-04 -4.865622e-05 -1.783070e-04 4.777500e-01 0.0 0
3.905046e+00 2.222985e+00 3.032037e+00 1.054678e-04 -6.607667e-05 -4.500930e-05 2.022353e-04 3.059479e-04 -4.150788e-04 4.646500e-01 0.0 0
4.197995e+00 2.010777e+00 4.229261e+00 -3.220658e-06 1.542957e-04 1.746827e-05 4.620099e-04 -8.895963e-05 1.545840e-04 4.778500e-01 0.0 0
4.215567e+00 1.967704e+00 5.255193e+00 4.901333e-05 2.873728e-05 -1.173572e-04 1.275786e-04 -1.522997e-04 4.057717e-04 4.730000e-01 0.0 0
